% # columns="iteration, evaluation, min 25%tile 75%tile max correlation, correlation matrix principal axes lengths  (sorted square roots of eigenvalues of correlation matrix)", seed=1038964, Tue Feb 24 09:34:11 2026
1 10 -0.06701161236790368 -0.014982386146355855 0.016561862350092917 0.06847505227571525 0.9162032412883332 0.9588335713560069 0.980337526905562 0.9914882174635075 0.999368842041938 1.0066716239353781 1.0082291914188848 1.0153424026970852 1.035919759796754 1.0790724555390119
2 20 -0.06701161236790368 -0.014982386146355855 0.016561862350092917 0.06847505227571525 0.9162032412883332 0.9588335713560069 0.980337526905562 0.9914882174635075 0.999368842041938 1.0066716239353781 1.0082291914188848 1.0153424026970852 1.035919759796754 1.0790724555390119
3 30 -0.06701161236790368 -0.014982386146355855 0.016561862350092917 0.06847505227571525 0.9162032412883332 0.9588335713560069 0.980337526905562 0.9914882174635075 0.999368842041938 1.0066716239353781 1.0082291914188848 1.0153424026970852 1.035919759796754 1.0790724555390119
4 40 -0.06701161236790368 -0.014982386146355855 0.016561862350092917 0.06847505227571525 0.9162032412883332 0.9588335713560069 0.980337526905562 0.9914882174635075 0.999368842041938 1.0066716239353781 1.0082291914188848 1.0153424026970852 1.035919759796754 1.0790724555390119
5 50 -0.06701161236790368 -0.014982386146355855 0.016561862350092917 0.06847505227571525 0.9162032412883332 0.9588335713560069 0.980337526905562 0.9914882174635075 0.999368842041938 1.0066716239353781 1.0082291914188848 1.0153424026970852 1.035919759796754 1.0790724555390119
6 60 -0.06701161236790368 -0.014982386146355855 0.016561862350092917 0.06847505227571525 0.9162032412883332 0.9588335713560069 0.980337526905562 0.9914882174635075 0.999368842041938 1.0066716239353781 1.0082291914188848 1.0153424026970852 1.035919759796754 1.0790724555390119
7 70 -0.06701161236790368 -0.014982386146355855 0.016561862350092917 0.06847505227571525 0.9162032412883332 0.9588335713560069 0.980337526905562 0.9914882174635075 0.999368842041938 1.0066716239353781 1.0082291914188848 1.0153424026970852 1.035919759796754 1.0790724555390119
8 80 -0.06701161236790368 -0.014982386146355855 0.016561862350092917 0.06847505227571525 0.9162032412883332 0.9588335713560069 0.980337526905562 0.9914882174635075 0.999368842041938 1.0066716239353781 1.0082291914188848 1.0153424026970852 1.035919759796754 1.0790724555390119
9 90 -0.06701161236790368 -0.014982386146355855 0.016561862350092917 0.06847505227571525 0.9162032412883332 0.9588335713560069 0.980337526905562 0.9914882174635075 0.999368842041938 1.0066716239353781 1.0082291914188848 1.0153424026970852 1.035919759796754 1.0790724555390119
10 100 -0.06701161236790368 -0.014982386146355855 0.016561862350092917 0.06847505227571525 0.9162032412883332 0.9588335713560069 0.980337526905562 0.9914882174635075 0.999368842041938 1.0066716239353781 1.0082291914188848 1.0153424026970852 1.035919759796754 1.0790724555390119
11 110 -0.19500730429956858 -0.06630228385656706 0.05809298896579263 0.16810673181072877 0.7718185101644477 0.8402390910064277 0.9003480627111804 0.9127860720512634 0.990989042415585 1.0064230539488812 1.0624301315598803 1.0861015918688126 1.1204868774907788 1.2229789324885263
12 120 -0.19500730429956858 -0.06630228385656706 0.05809298896579263 0.16810673181072877 0.7718185101644477 0.8402390910064277 0.9003480627111804 0.9127860720512634 0.990989042415585 1.0064230539488812 1.0624301315598803 1.0861015918688126 1.1204868774907788 1.2229789324885263
13 130 -0.19500730429956858 -0.06630228385656706 0.05809298896579263 0.16810673181072877 0.7718185101644477 0.8402390910064277 0.9003480627111804 0.9127860720512634 0.990989042415585 1.0064230539488812 1.0624301315598803 1.0861015918688126 1.1204868774907788 1.2229789324885263
14 140 -0.19500730429956858 -0.06630228385656706 0.05809298896579263 0.16810673181072877 0.7718185101644477 0.8402390910064277 0.9003480627111804 0.9127860720512634 0.990989042415585 1.0064230539488812 1.0624301315598803 1.0861015918688126 1.1204868774907788 1.2229789324885263
15 150 -0.19500730429956858 -0.06630228385656706 0.05809298896579263 0.16810673181072877 0.7718185101644477 0.8402390910064277 0.9003480627111804 0.9127860720512634 0.990989042415585 1.0064230539488812 1.0624301315598803 1.0861015918688126 1.1204868774907788 1.2229789324885263
16 160 -0.19500730429956858 -0.06630228385656706 0.05809298896579263 0.16810673181072877 0.7718185101644477 0.8402390910064277 0.9003480627111804 0.9127860720512634 0.990989042415585 1.0064230539488812 1.0624301315598803 1.0861015918688126 1.1204868774907788 1.2229789324885263
17 170 -0.19500730429956858 -0.06630228385656706 0.05809298896579263 0.16810673181072877 0.7718185101644477 0.8402390910064277 0.9003480627111804 0.9127860720512634 0.990989042415585 1.0064230539488812 1.0624301315598803 1.0861015918688126 1.1204868774907788 1.2229789324885263
18 180 -0.19500730429956858 -0.06630228385656706 0.05809298896579263 0.16810673181072877 0.7718185101644477 0.8402390910064277 0.9003480627111804 0.9127860720512634 0.990989042415585 1.0064230539488812 1.0624301315598803 1.0861015918688126 1.1204868774907788 1.2229789324885263
19 190 -0.19500730429956858 -0.06630228385656706 0.05809298896579263 0.16810673181072877 0.7718185101644477 0.8402390910064277 0.9003480627111804 0.9127860720512634 0.990989042415585 1.0064230539488812 1.0624301315598803 1.0861015918688126 1.1204868774907788 1.2229789324885263
20 200 -0.19500730429956858 -0.06630228385656706 0.05809298896579263 0.16810673181072877 0.7718185101644477 0.8402390910064277 0.9003480627111804 0.9127860720512634 0.990989042415585 1.0064230539488812 1.0624301315598803 1.0861015918688126 1.1204868774907788 1.2229789324885263
21 210 -0.24276239310570982 -0.10206664111743753 0.08910834286092409 0.27014846498543343 0.6651611407462474 0.7681630619897761 0.8123911687634184 0.8984577651775526 0.9879548551571211 1.0173045829309462 1.0583022291075246 1.0893028241433427 1.235443323637075 1.287016912523737
22 220 -0.24276239310570982 -0.10206664111743753 0.08910834286092409 0.27014846498543343 0.6651611407462474 0.7681630619897761 0.8123911687634184 0.8984577651775526 0.9879548551571211 1.0173045829309462 1.0583022291075246 1.0893028241433427 1.235443323637075 1.287016912523737
23 230 -0.24276239310570982 -0.10206664111743753 0.08910834286092409 0.27014846498543343 0.6651611407462474 0.7681630619897761 0.8123911687634184 0.8984577651775526 0.9879548551571211 1.0173045829309462 1.0583022291075246 1.0893028241433427 1.235443323637075 1.287016912523737
24 240 -0.24276239310570982 -0.10206664111743753 0.08910834286092409 0.27014846498543343 0.6651611407462474 0.7681630619897761 0.8123911687634184 0.8984577651775526 0.9879548551571211 1.0173045829309462 1.0583022291075246 1.0893028241433427 1.235443323637075 1.287016912523737
25 250 -0.24276239310570982 -0.10206664111743753 0.08910834286092409 0.27014846498543343 0.6651611407462474 0.7681630619897761 0.8123911687634184 0.8984577651775526 0.9879548551571211 1.0173045829309462 1.0583022291075246 1.0893028241433427 1.235443323637075 1.287016912523737
26 260 -0.24276239310570982 -0.10206664111743753 0.08910834286092409 0.27014846498543343 0.6651611407462474 0.7681630619897761 0.8123911687634184 0.8984577651775526 0.9879548551571211 1.0173045829309462 1.0583022291075246 1.0893028241433427 1.235443323637075 1.287016912523737
27 270 -0.24276239310570982 -0.10206664111743753 0.08910834286092409 0.27014846498543343 0.6651611407462474 0.7681630619897761 0.8123911687634184 0.8984577651775526 0.9879548551571211 1.0173045829309462 1.0583022291075246 1.0893028241433427 1.235443323637075 1.287016912523737
28 280 -0.24276239310570982 -0.10206664111743753 0.08910834286092409 0.27014846498543343 0.6651611407462474 0.7681630619897761 0.8123911687634184 0.8984577651775526 0.9879548551571211 1.0173045829309462 1.0583022291075246 1.0893028241433427 1.235443323637075 1.287016912523737
29 290 -0.24276239310570982 -0.10206664111743753 0.08910834286092409 0.27014846498543343 0.6651611407462474 0.7681630619897761 0.8123911687634184 0.8984577651775526 0.9879548551571211 1.0173045829309462 1.0583022291075246 1.0893028241433427 1.235443323637075 1.287016912523737
30 300 -0.24276239310570982 -0.10206664111743753 0.08910834286092409 0.27014846498543343 0.6651611407462474 0.7681630619897761 0.8123911687634184 0.8984577651775526 0.9879548551571211 1.0173045829309462 1.0583022291075246 1.0893028241433427 1.235443323637075 1.287016912523737
31 310 -0.2840463692546418 -0.1262532019251546 0.1119469756448349 0.36151668652951985 0.6243942878641081 0.7449398298353014 0.771578749677989 0.831648636823252 0.9213694336563396 1.0043592669229056 1.0737009538641427 1.157330751327294 1.2491183662658891 1.3630917546348629
32 320 -0.2840463692546418 -0.1262532019251546 0.1119469756448349 0.36151668652951985 0.6243942878641081 0.7449398298353014 0.771578749677989 0.831648636823252 0.9213694336563396 1.0043592669229056 1.0737009538641427 1.157330751327294 1.2491183662658891 1.3630917546348629
33 330 -0.2840463692546418 -0.1262532019251546 0.1119469756448349 0.36151668652951985 0.6243942878641081 0.7449398298353014 0.771578749677989 0.831648636823252 0.9213694336563396 1.0043592669229056 1.0737009538641427 1.157330751327294 1.2491183662658891 1.3630917546348629
34 340 -0.2840463692546418 -0.1262532019251546 0.1119469756448349 0.36151668652951985 0.6243942878641081 0.7449398298353014 0.771578749677989 0.831648636823252 0.9213694336563396 1.0043592669229056 1.0737009538641427 1.157330751327294 1.2491183662658891 1.3630917546348629
35 350 -0.2840463692546418 -0.1262532019251546 0.1119469756448349 0.36151668652951985 0.6243942878641081 0.7449398298353014 0.771578749677989 0.831648636823252 0.9213694336563396 1.0043592669229056 1.0737009538641427 1.157330751327294 1.2491183662658891 1.3630917546348629
36 360 -0.2840463692546418 -0.1262532019251546 0.1119469756448349 0.36151668652951985 0.6243942878641081 0.7449398298353014 0.771578749677989 0.831648636823252 0.9213694336563396 1.0043592669229056 1.0737009538641427 1.157330751327294 1.2491183662658891 1.3630917546348629
37 370 -0.2840463692546418 -0.1262532019251546 0.1119469756448349 0.36151668652951985 0.6243942878641081 0.7449398298353014 0.771578749677989 0.831648636823252 0.9213694336563396 1.0043592669229056 1.0737009538641427 1.157330751327294 1.2491183662658891 1.3630917546348629
38 380 -0.2840463692546418 -0.1262532019251546 0.1119469756448349 0.36151668652951985 0.6243942878641081 0.7449398298353014 0.771578749677989 0.831648636823252 0.9213694336563396 1.0043592669229056 1.0737009538641427 1.157330751327294 1.2491183662658891 1.3630917546348629
39 390 -0.2840463692546418 -0.1262532019251546 0.1119469756448349 0.36151668652951985 0.6243942878641081 0.7449398298353014 0.771578749677989 0.831648636823252 0.9213694336563396 1.0043592669229056 1.0737009538641427 1.157330751327294 1.2491183662658891 1.3630917546348629
40 400 -0.2840463692546418 -0.1262532019251546 0.1119469756448349 0.36151668652951985 0.6243942878641081 0.7449398298353014 0.771578749677989 0.831648636823252 0.9213694336563396 1.0043592669229056 1.0737009538641427 1.157330751327294 1.2491183662658891 1.3630917546348629
41 410 -0.43718527009595676 -0.13220979553975454 0.14713706875007082 0.43338937860903304 0.528624764073594 0.6543299998341404 0.7453369825258066 0.7923944581213342 0.8748138904483048 1.0416737574125448 1.0679445033517894 1.1337746786703036 1.3326384329887824 1.4341313322802067
42 420 -0.43718527009595676 -0.13220979553975454 0.14713706875007082 0.43338937860903304 0.528624764073594 0.6543299998341404 0.7453369825258066 0.7923944581213342 0.8748138904483048 1.0416737574125448 1.0679445033517894 1.1337746786703036 1.3326384329887824 1.4341313322802067
43 430 -0.43718527009595676 -0.13220979553975454 0.14713706875007082 0.43338937860903304 0.528624764073594 0.6543299998341404 0.7453369825258066 0.7923944581213342 0.8748138904483048 1.0416737574125448 1.0679445033517894 1.1337746786703036 1.3326384329887824 1.4341313322802067
44 440 -0.43718527009595676 -0.13220979553975454 0.14713706875007082 0.43338937860903304 0.528624764073594 0.6543299998341404 0.7453369825258066 0.7923944581213342 0.8748138904483048 1.0416737574125448 1.0679445033517894 1.1337746786703036 1.3326384329887824 1.4341313322802067
45 450 -0.43718527009595676 -0.13220979553975454 0.14713706875007082 0.43338937860903304 0.528624764073594 0.6543299998341404 0.7453369825258066 0.7923944581213342 0.8748138904483048 1.0416737574125448 1.0679445033517894 1.1337746786703036 1.3326384329887824 1.4341313322802067
46 460 -0.43718527009595676 -0.13220979553975454 0.14713706875007082 0.43338937860903304 0.528624764073594 0.6543299998341404 0.7453369825258066 0.7923944581213342 0.8748138904483048 1.0416737574125448 1.0679445033517894 1.1337746786703036 1.3326384329887824 1.4341313322802067
47 470 -0.43718527009595676 -0.13220979553975454 0.14713706875007082 0.43338937860903304 0.528624764073594 0.6543299998341404 0.7453369825258066 0.7923944581213342 0.8748138904483048 1.0416737574125448 1.0679445033517894 1.1337746786703036 1.3326384329887824 1.4341313322802067
48 480 -0.43718527009595676 -0.13220979553975454 0.14713706875007082 0.43338937860903304 0.528624764073594 0.6543299998341404 0.7453369825258066 0.7923944581213342 0.8748138904483048 1.0416737574125448 1.0679445033517894 1.1337746786703036 1.3326384329887824 1.4341313322802067
49 490 -0.43718527009595676 -0.13220979553975454 0.14713706875007082 0.43338937860903304 0.528624764073594 0.6543299998341404 0.7453369825258066 0.7923944581213342 0.8748138904483048 1.0416737574125448 1.0679445033517894 1.1337746786703036 1.3326384329887824 1.4341313322802067
50 500 -0.43718527009595676 -0.13220979553975454 0.14713706875007082 0.43338937860903304 0.528624764073594 0.6543299998341404 0.7453369825258066 0.7923944581213342 0.8748138904483048 1.0416737574125448 1.0679445033517894 1.1337746786703036 1.3326384329887824 1.4341313322802067
51 510 -0.33923402141306475 -0.13063235288765473 0.12065881070723902 0.4068070368112907 0.5361878715234041 0.6313152922436911 0.7441119341776147 0.8387830438596934 0.9318348357813386 1.0224857610514078 1.1292691756462547 1.1448917930899802 1.248140067033931 1.4138638528319623
52 520 -0.33923402141306475 -0.13063235288765473 0.12065881070723902 0.4068070368112907 0.5361878715234041 0.6313152922436911 0.7441119341776147 0.8387830438596934 0.9318348357813386 1.0224857610514078 1.1292691756462547 1.1448917930899802 1.248140067033931 1.4138638528319623
53 530 -0.33923402141306475 -0.13063235288765473 0.12065881070723902 0.4068070368112907 0.5361878715234041 0.6313152922436911 0.7441119341776147 0.8387830438596934 0.9318348357813386 1.0224857610514078 1.1292691756462547 1.1448917930899802 1.248140067033931 1.4138638528319623
54 540 -0.33923402141306475 -0.13063235288765473 0.12065881070723902 0.4068070368112907 0.5361878715234041 0.6313152922436911 0.7441119341776147 0.8387830438596934 0.9318348357813386 1.0224857610514078 1.1292691756462547 1.1448917930899802 1.248140067033931 1.4138638528319623
55 550 -0.33923402141306475 -0.13063235288765473 0.12065881070723902 0.4068070368112907 0.5361878715234041 0.6313152922436911 0.7441119341776147 0.8387830438596934 0.9318348357813386 1.0224857610514078 1.1292691756462547 1.1448917930899802 1.248140067033931 1.4138638528319623
56 560 -0.33923402141306475 -0.13063235288765473 0.12065881070723902 0.4068070368112907 0.5361878715234041 0.6313152922436911 0.7441119341776147 0.8387830438596934 0.9318348357813386 1.0224857610514078 1.1292691756462547 1.1448917930899802 1.248140067033931 1.4138638528319623
57 570 -0.33923402141306475 -0.13063235288765473 0.12065881070723902 0.4068070368112907 0.5361878715234041 0.6313152922436911 0.7441119341776147 0.8387830438596934 0.9318348357813386 1.0224857610514078 1.1292691756462547 1.1448917930899802 1.248140067033931 1.4138638528319623
58 580 -0.33923402141306475 -0.13063235288765473 0.12065881070723902 0.4068070368112907 0.5361878715234041 0.6313152922436911 0.7441119341776147 0.8387830438596934 0.9318348357813386 1.0224857610514078 1.1292691756462547 1.1448917930899802 1.248140067033931 1.4138638528319623
59 590 -0.33923402141306475 -0.13063235288765473 0.12065881070723902 0.4068070368112907 0.5361878715234041 0.6313152922436911 0.7441119341776147 0.8387830438596934 0.9318348357813386 1.0224857610514078 1.1292691756462547 1.1448917930899802 1.248140067033931 1.4138638528319623
60 600 -0.33923402141306475 -0.13063235288765473 0.12065881070723902 0.4068070368112907 0.5361878715234041 0.6313152922436911 0.7441119341776147 0.8387830438596934 0.9318348357813386 1.0224857610514078 1.1292691756462547 1.1448917930899802 1.248140067033931 1.4138638528319623
61 610 -0.36774617318498604 -0.10956437254767193 0.13103447417852138 0.3745372728131537 0.5738912740259517 0.6853161994578063 0.7941367356076733 0.8094141146931176 0.9206865242582262 1.0044056731278594 1.1385496222887335 1.1823337245224292 1.1921088813792582 1.3940444227746833
62 620 -0.36774617318498604 -0.10956437254767193 0.13103447417852138 0.3745372728131537 0.5738912740259517 0.6853161994578063 0.7941367356076733 0.8094141146931176 0.9206865242582262 1.0044056731278594 1.1385496222887335 1.1823337245224292 1.1921088813792582 1.3940444227746833
63 630 -0.36774617318498604 -0.10956437254767193 0.13103447417852138 0.3745372728131537 0.5738912740259517 0.6853161994578063 0.7941367356076733 0.8094141146931176 0.9206865242582262 1.0044056731278594 1.1385496222887335 1.1823337245224292 1.1921088813792582 1.3940444227746833
64 640 -0.36774617318498604 -0.10956437254767193 0.13103447417852138 0.3745372728131537 0.5738912740259517 0.6853161994578063 0.7941367356076733 0.8094141146931176 0.9206865242582262 1.0044056731278594 1.1385496222887335 1.1823337245224292 1.1921088813792582 1.3940444227746833
65 650 -0.36774617318498604 -0.10956437254767193 0.13103447417852138 0.3745372728131537 0.5738912740259517 0.6853161994578063 0.7941367356076733 0.8094141146931176 0.9206865242582262 1.0044056731278594 1.1385496222887335 1.1823337245224292 1.1921088813792582 1.3940444227746833
66 660 -0.36774617318498604 -0.10956437254767193 0.13103447417852138 0.3745372728131537 0.5738912740259517 0.6853161994578063 0.7941367356076733 0.8094141146931176 0.9206865242582262 1.0044056731278594 1.1385496222887335 1.1823337245224292 1.1921088813792582 1.3940444227746833
67 670 -0.36774617318498604 -0.10956437254767193 0.13103447417852138 0.3745372728131537 0.5738912740259517 0.6853161994578063 0.7941367356076733 0.8094141146931176 0.9206865242582262 1.0044056731278594 1.1385496222887335 1.1823337245224292 1.1921088813792582 1.3940444227746833
68 680 -0.36774617318498604 -0.10956437254767193 0.13103447417852138 0.3745372728131537 0.5738912740259517 0.6853161994578063 0.7941367356076733 0.8094141146931176 0.9206865242582262 1.0044056731278594 1.1385496222887335 1.1823337245224292 1.1921088813792582 1.3940444227746833
69 690 -0.36774617318498604 -0.10956437254767193 0.13103447417852138 0.3745372728131537 0.5738912740259517 0.6853161994578063 0.7941367356076733 0.8094141146931176 0.9206865242582262 1.0044056731278594 1.1385496222887335 1.1823337245224292 1.1921088813792582 1.3940444227746833
70 700 -0.36774617318498604 -0.10956437254767193 0.13103447417852138 0.3745372728131537 0.5738912740259517 0.6853161994578063 0.7941367356076733 0.8094141146931176 0.9206865242582262 1.0044056731278594 1.1385496222887335 1.1823337245224292 1.1921088813792582 1.3940444227746833
71 710 -0.4145800074834781 -0.0780568719582624 0.1144695924305466 0.38293937499730896 0.6267480550481159 0.6990184118652227 0.7825534532458424 0.805805334956903 0.9422004830836384 0.9552284271606186 1.0749824142438187 1.1756232923648635 1.226160016775712 1.4196827775007879
72 720 -0.4145800074834781 -0.0780568719582624 0.1144695924305466 0.38293937499730896 0.6267480550481159 0.6990184118652227 0.7825534532458424 0.805805334956903 0.9422004830836384 0.9552284271606186 1.0749824142438187 1.1756232923648635 1.226160016775712 1.4196827775007879
73 730 -0.4145800074834781 -0.0780568719582624 0.1144695924305466 0.38293937499730896 0.6267480550481159 0.6990184118652227 0.7825534532458424 0.805805334956903 0.9422004830836384 0.9552284271606186 1.0749824142438187 1.1756232923648635 1.226160016775712 1.4196827775007879
74 740 -0.4145800074834781 -0.0780568719582624 0.1144695924305466 0.38293937499730896 0.6267480550481159 0.6990184118652227 0.7825534532458424 0.805805334956903 0.9422004830836384 0.9552284271606186 1.0749824142438187 1.1756232923648635 1.226160016775712 1.4196827775007879
75 750 -0.4145800074834781 -0.0780568719582624 0.1144695924305466 0.38293937499730896 0.6267480550481159 0.6990184118652227 0.7825534532458424 0.805805334956903 0.9422004830836384 0.9552284271606186 1.0749824142438187 1.1756232923648635 1.226160016775712 1.4196827775007879
76 760 -0.4145800074834781 -0.0780568719582624 0.1144695924305466 0.38293937499730896 0.6267480550481159 0.6990184118652227 0.7825534532458424 0.805805334956903 0.9422004830836384 0.9552284271606186 1.0749824142438187 1.1756232923648635 1.226160016775712 1.4196827775007879
77 770 -0.4145800074834781 -0.0780568719582624 0.1144695924305466 0.38293937499730896 0.6267480550481159 0.6990184118652227 0.7825534532458424 0.805805334956903 0.9422004830836384 0.9552284271606186 1.0749824142438187 1.1756232923648635 1.226160016775712 1.4196827775007879
78 780 -0.4145800074834781 -0.0780568719582624 0.1144695924305466 0.38293937499730896 0.6267480550481159 0.6990184118652227 0.7825534532458424 0.805805334956903 0.9422004830836384 0.9552284271606186 1.0749824142438187 1.1756232923648635 1.226160016775712 1.4196827775007879
79 790 -0.4145800074834781 -0.0780568719582624 0.1144695924305466 0.38293937499730896 0.6267480550481159 0.6990184118652227 0.7825534532458424 0.805805334956903 0.9422004830836384 0.9552284271606186 1.0749824142438187 1.1756232923648635 1.226160016775712 1.4196827775007879
80 800 -0.4145800074834781 -0.0780568719582624 0.1144695924305466 0.38293937499730896 0.6267480550481159 0.6990184118652227 0.7825534532458424 0.805805334956903 0.9422004830836384 0.9552284271606186 1.0749824142438187 1.1756232923648635 1.226160016775712 1.4196827775007879
81 810 -0.3753462082627756 -0.07172410337263727 0.12959359315342295 0.30571119427005966 0.6320271590246309 0.6752084853881368 0.8119231936821121 0.8506070801851161 0.932847059625151 0.9591507544001372 1.0696294513753557 1.1330183411390375 1.28738277848315 1.3735055678647476
82 820 -0.3753462082627756 -0.07172410337263727 0.12959359315342295 0.30571119427005966 0.6320271590246309 0.6752084853881368 0.8119231936821121 0.8506070801851161 0.932847059625151 0.9591507544001372 1.0696294513753557 1.1330183411390375 1.28738277848315 1.3735055678647476
83 830 -0.3753462082627756 -0.07172410337263727 0.12959359315342295 0.30571119427005966 0.6320271590246309 0.6752084853881368 0.8119231936821121 0.8506070801851161 0.932847059625151 0.9591507544001372 1.0696294513753557 1.1330183411390375 1.28738277848315 1.3735055678647476
84 840 -0.3753462082627756 -0.07172410337263727 0.12959359315342295 0.30571119427005966 0.6320271590246309 0.6752084853881368 0.8119231936821121 0.8506070801851161 0.932847059625151 0.9591507544001372 1.0696294513753557 1.1330183411390375 1.28738277848315 1.3735055678647476
85 850 -0.3753462082627756 -0.07172410337263727 0.12959359315342295 0.30571119427005966 0.6320271590246309 0.6752084853881368 0.8119231936821121 0.8506070801851161 0.932847059625151 0.9591507544001372 1.0696294513753557 1.1330183411390375 1.28738277848315 1.3735055678647476
86 860 -0.3753462082627756 -0.07172410337263727 0.12959359315342295 0.30571119427005966 0.6320271590246309 0.6752084853881368 0.8119231936821121 0.8506070801851161 0.932847059625151 0.9591507544001372 1.0696294513753557 1.1330183411390375 1.28738277848315 1.3735055678647476
87 870 -0.3753462082627756 -0.07172410337263727 0.12959359315342295 0.30571119427005966 0.6320271590246309 0.6752084853881368 0.8119231936821121 0.8506070801851161 0.932847059625151 0.9591507544001372 1.0696294513753557 1.1330183411390375 1.28738277848315 1.3735055678647476
88 880 -0.3753462082627756 -0.07172410337263727 0.12959359315342295 0.30571119427005966 0.6320271590246309 0.6752084853881368 0.8119231936821121 0.8506070801851161 0.932847059625151 0.9591507544001372 1.0696294513753557 1.1330183411390375 1.28738277848315 1.3735055678647476
89 890 -0.3753462082627756 -0.07172410337263727 0.12959359315342295 0.30571119427005966 0.6320271590246309 0.6752084853881368 0.8119231936821121 0.8506070801851161 0.932847059625151 0.9591507544001372 1.0696294513753557 1.1330183411390375 1.28738277848315 1.3735055678647476
90 900 -0.3753462082627756 -0.07172410337263727 0.12959359315342295 0.30571119427005966 0.6320271590246309 0.6752084853881368 0.8119231936821121 0.8506070801851161 0.932847059625151 0.9591507544001372 1.0696294513753557 1.1330183411390375 1.28738277848315 1.3735055678647476
91 910 -0.3319573162068526 -0.08584330256319783 0.1136643294376852 0.269833708815282 0.6675271923363401 0.6993486787380734 0.7679805970252198 0.8697480632392152 0.995779748149117 1.0023678804424019 1.074560458042108 1.0897183756162214 1.2364875928357257 1.3607631771093651
92 920 -0.3319573162068526 -0.08584330256319783 0.1136643294376852 0.269833708815282 0.6675271923363401 0.6993486787380734 0.7679805970252198 0.8697480632392152 0.995779748149117 1.0023678804424019 1.074560458042108 1.0897183756162214 1.2364875928357257 1.3607631771093651
93 930 -0.3319573162068526 -0.08584330256319783 0.1136643294376852 0.269833708815282 0.6675271923363401 0.6993486787380734 0.7679805970252198 0.8697480632392152 0.995779748149117 1.0023678804424019 1.074560458042108 1.0897183756162214 1.2364875928357257 1.3607631771093651
94 940 -0.3319573162068526 -0.08584330256319783 0.1136643294376852 0.269833708815282 0.6675271923363401 0.6993486787380734 0.7679805970252198 0.8697480632392152 0.995779748149117 1.0023678804424019 1.074560458042108 1.0897183756162214 1.2364875928357257 1.3607631771093651
95 950 -0.3319573162068526 -0.08584330256319783 0.1136643294376852 0.269833708815282 0.6675271923363401 0.6993486787380734 0.7679805970252198 0.8697480632392152 0.995779748149117 1.0023678804424019 1.074560458042108 1.0897183756162214 1.2364875928357257 1.3607631771093651
96 960 -0.3319573162068526 -0.08584330256319783 0.1136643294376852 0.269833708815282 0.6675271923363401 0.6993486787380734 0.7679805970252198 0.8697480632392152 0.995779748149117 1.0023678804424019 1.074560458042108 1.0897183756162214 1.2364875928357257 1.3607631771093651
97 970 -0.3319573162068526 -0.08584330256319783 0.1136643294376852 0.269833708815282 0.6675271923363401 0.6993486787380734 0.7679805970252198 0.8697480632392152 0.995779748149117 1.0023678804424019 1.074560458042108 1.0897183756162214 1.2364875928357257 1.3607631771093651
98 980 -0.3319573162068526 -0.08584330256319783 0.1136643294376852 0.269833708815282 0.6675271923363401 0.6993486787380734 0.7679805970252198 0.8697480632392152 0.995779748149117 1.0023678804424019 1.074560458042108 1.0897183756162214 1.2364875928357257 1.3607631771093651
99 990 -0.3319573162068526 -0.08584330256319783 0.1136643294376852 0.269833708815282 0.6675271923363401 0.6993486787380734 0.7679805970252198 0.8697480632392152 0.995779748149117 1.0023678804424019 1.074560458042108 1.0897183756162214 1.2364875928357257 1.3607631771093651
100 1000 -0.3319573162068526 -0.08584330256319783 0.1136643294376852 0.269833708815282 0.6675271923363401 0.6993486787380734 0.7679805970252198 0.8697480632392152 0.995779748149117 1.0023678804424019 1.074560458042108 1.0897183756162214 1.2364875928357257 1.3607631771093651
101 1010 -0.346143976390319 -0.07305734066566172 0.08587237670054763 0.27461537523204027 0.697158556072083 0.7270508431183815 0.7884274031865276 0.8694421874845456 0.9369330614926836 1.0043635636838857 1.0973401593966805 1.1081372145887791 1.2026070926319758 1.3575133409801499
102 1020 -0.346143976390319 -0.07305734066566172 0.08587237670054763 0.27461537523204027 0.697158556072083 0.7270508431183815 0.7884274031865276 0.8694421874845456 0.9369330614926836 1.0043635636838857 1.0973401593966805 1.1081372145887791 1.2026070926319758 1.3575133409801499
103 1030 -0.346143976390319 -0.07305734066566172 0.08587237670054763 0.27461537523204027 0.697158556072083 0.7270508431183815 0.7884274031865276 0.8694421874845456 0.9369330614926836 1.0043635636838857 1.0973401593966805 1.1081372145887791 1.2026070926319758 1.3575133409801499
104 1040 -0.346143976390319 -0.07305734066566172 0.08587237670054763 0.27461537523204027 0.697158556072083 0.7270508431183815 0.7884274031865276 0.8694421874845456 0.9369330614926836 1.0043635636838857 1.0973401593966805 1.1081372145887791 1.2026070926319758 1.3575133409801499
105 1050 -0.346143976390319 -0.07305734066566172 0.08587237670054763 0.27461537523204027 0.697158556072083 0.7270508431183815 0.7884274031865276 0.8694421874845456 0.9369330614926836 1.0043635636838857 1.0973401593966805 1.1081372145887791 1.2026070926319758 1.3575133409801499
106 1060 -0.346143976390319 -0.07305734066566172 0.08587237670054763 0.27461537523204027 0.697158556072083 0.7270508431183815 0.7884274031865276 0.8694421874845456 0.9369330614926836 1.0043635636838857 1.0973401593966805 1.1081372145887791 1.2026070926319758 1.3575133409801499
107 1070 -0.346143976390319 -0.07305734066566172 0.08587237670054763 0.27461537523204027 0.697158556072083 0.7270508431183815 0.7884274031865276 0.8694421874845456 0.9369330614926836 1.0043635636838857 1.0973401593966805 1.1081372145887791 1.2026070926319758 1.3575133409801499
108 1080 -0.346143976390319 -0.07305734066566172 0.08587237670054763 0.27461537523204027 0.697158556072083 0.7270508431183815 0.7884274031865276 0.8694421874845456 0.9369330614926836 1.0043635636838857 1.0973401593966805 1.1081372145887791 1.2026070926319758 1.3575133409801499
109 1090 -0.346143976390319 -0.07305734066566172 0.08587237670054763 0.27461537523204027 0.697158556072083 0.7270508431183815 0.7884274031865276 0.8694421874845456 0.9369330614926836 1.0043635636838857 1.0973401593966805 1.1081372145887791 1.2026070926319758 1.3575133409801499
110 1100 -0.346143976390319 -0.07305734066566172 0.08587237670054763 0.27461537523204027 0.697158556072083 0.7270508431183815 0.7884274031865276 0.8694421874845456 0.9369330614926836 1.0043635636838857 1.0973401593966805 1.1081372145887791 1.2026070926319758 1.3575133409801499
111 1110 -0.2986013608910437 -0.07348065102604268 0.09171891590063896 0.2788573633056048 0.6639169024989674 0.7342694569886361 0.7941248987805216 0.8622724058681379 0.9192322595939447 1.0282784542903445 1.1091481330727617 1.1690072012245878 1.2185490056148192 1.2891551617204418
112 1120 -0.2986013608910437 -0.07348065102604268 0.09171891590063896 0.2788573633056048 0.6639169024989674 0.7342694569886361 0.7941248987805216 0.8622724058681379 0.9192322595939447 1.0282784542903445 1.1091481330727617 1.1690072012245878 1.2185490056148192 1.2891551617204418
113 1130 -0.2986013608910437 -0.07348065102604268 0.09171891590063896 0.2788573633056048 0.6639169024989674 0.7342694569886361 0.7941248987805216 0.8622724058681379 0.9192322595939447 1.0282784542903445 1.1091481330727617 1.1690072012245878 1.2185490056148192 1.2891551617204418
114 1140 -0.2986013608910437 -0.07348065102604268 0.09171891590063896 0.2788573633056048 0.6639169024989674 0.7342694569886361 0.7941248987805216 0.8622724058681379 0.9192322595939447 1.0282784542903445 1.1091481330727617 1.1690072012245878 1.2185490056148192 1.2891551617204418
115 1150 -0.2986013608910437 -0.07348065102604268 0.09171891590063896 0.2788573633056048 0.6639169024989674 0.7342694569886361 0.7941248987805216 0.8622724058681379 0.9192322595939447 1.0282784542903445 1.1091481330727617 1.1690072012245878 1.2185490056148192 1.2891551617204418
116 1160 -0.2986013608910437 -0.07348065102604268 0.09171891590063896 0.2788573633056048 0.6639169024989674 0.7342694569886361 0.7941248987805216 0.8622724058681379 0.9192322595939447 1.0282784542903445 1.1091481330727617 1.1690072012245878 1.2185490056148192 1.2891551617204418
117 1170 -0.2986013608910437 -0.07348065102604268 0.09171891590063896 0.2788573633056048 0.6639169024989674 0.7342694569886361 0.7941248987805216 0.8622724058681379 0.9192322595939447 1.0282784542903445 1.1091481330727617 1.1690072012245878 1.2185490056148192 1.2891551617204418
118 1180 -0.2986013608910437 -0.07348065102604268 0.09171891590063896 0.2788573633056048 0.6639169024989674 0.7342694569886361 0.7941248987805216 0.8622724058681379 0.9192322595939447 1.0282784542903445 1.1091481330727617 1.1690072012245878 1.2185490056148192 1.2891551617204418
119 1190 -0.2986013608910437 -0.07348065102604268 0.09171891590063896 0.2788573633056048 0.6639169024989674 0.7342694569886361 0.7941248987805216 0.8622724058681379 0.9192322595939447 1.0282784542903445 1.1091481330727617 1.1690072012245878 1.2185490056148192 1.2891551617204418
120 1200 -0.2986013608910437 -0.07348065102604268 0.09171891590063896 0.2788573633056048 0.6639169024989674 0.7342694569886361 0.7941248987805216 0.8622724058681379 0.9192322595939447 1.0282784542903445 1.1091481330727617 1.1690072012245878 1.2185490056148192 1.2891551617204418
121 1210 -0.29818149656754445 -0.08234140832840045 0.06306374133377157 0.36916908288599903 0.6601212817095873 0.753747774382383 0.7814157966120935 0.8978149743058782 0.9204303118073204 1.040384966226944 1.0711473207986941 1.1538429743267211 1.2049763279215608 1.3111639221742928
122 1220 -0.29818149656754445 -0.08234140832840045 0.06306374133377157 0.36916908288599903 0.6601212817095873 0.753747774382383 0.7814157966120935 0.8978149743058782 0.9204303118073204 1.040384966226944 1.0711473207986941 1.1538429743267211 1.2049763279215608 1.3111639221742928
123 1230 -0.29818149656754445 -0.08234140832840045 0.06306374133377157 0.36916908288599903 0.6601212817095873 0.753747774382383 0.7814157966120935 0.8978149743058782 0.9204303118073204 1.040384966226944 1.0711473207986941 1.1538429743267211 1.2049763279215608 1.3111639221742928
124 1240 -0.29818149656754445 -0.08234140832840045 0.06306374133377157 0.36916908288599903 0.6601212817095873 0.753747774382383 0.7814157966120935 0.8978149743058782 0.9204303118073204 1.040384966226944 1.0711473207986941 1.1538429743267211 1.2049763279215608 1.3111639221742928
125 1250 -0.29818149656754445 -0.08234140832840045 0.06306374133377157 0.36916908288599903 0.6601212817095873 0.753747774382383 0.7814157966120935 0.8978149743058782 0.9204303118073204 1.040384966226944 1.0711473207986941 1.1538429743267211 1.2049763279215608 1.3111639221742928
126 1260 -0.29818149656754445 -0.08234140832840045 0.06306374133377157 0.36916908288599903 0.6601212817095873 0.753747774382383 0.7814157966120935 0.8978149743058782 0.9204303118073204 1.040384966226944 1.0711473207986941 1.1538429743267211 1.2049763279215608 1.3111639221742928
127 1270 -0.29818149656754445 -0.08234140832840045 0.06306374133377157 0.36916908288599903 0.6601212817095873 0.753747774382383 0.7814157966120935 0.8978149743058782 0.9204303118073204 1.040384966226944 1.0711473207986941 1.1538429743267211 1.2049763279215608 1.3111639221742928
128 1280 -0.29818149656754445 -0.08234140832840045 0.06306374133377157 0.36916908288599903 0.6601212817095873 0.753747774382383 0.7814157966120935 0.8978149743058782 0.9204303118073204 1.040384966226944 1.0711473207986941 1.1538429743267211 1.2049763279215608 1.3111639221742928
129 1290 -0.29818149656754445 -0.08234140832840045 0.06306374133377157 0.36916908288599903 0.6601212817095873 0.753747774382383 0.7814157966120935 0.8978149743058782 0.9204303118073204 1.040384966226944 1.0711473207986941 1.1538429743267211 1.2049763279215608 1.3111639221742928
130 1300 -0.29818149656754445 -0.08234140832840045 0.06306374133377157 0.36916908288599903 0.6601212817095873 0.753747774382383 0.7814157966120935 0.8978149743058782 0.9204303118073204 1.040384966226944 1.0711473207986941 1.1538429743267211 1.2049763279215608 1.3111639221742928
131 1310 -0.27216586084577626 -0.08610283770138555 0.08411571251947995 0.182585354377577 0.7102893296618861 0.7813618904183979 0.851381700344798 0.9251581077688975 0.9560928373359109 1.0106067698665167 1.0589599102916822 1.1278327201609217 1.1842757512218256 1.2541303728919457
132 1320 -0.27216586084577626 -0.08610283770138555 0.08411571251947995 0.182585354377577 0.7102893296618861 0.7813618904183979 0.851381700344798 0.9251581077688975 0.9560928373359109 1.0106067698665167 1.0589599102916822 1.1278327201609217 1.1842757512218256 1.2541303728919457
133 1330 -0.27216586084577626 -0.08610283770138555 0.08411571251947995 0.182585354377577 0.7102893296618861 0.7813618904183979 0.851381700344798 0.9251581077688975 0.9560928373359109 1.0106067698665167 1.0589599102916822 1.1278327201609217 1.1842757512218256 1.2541303728919457
134 1340 -0.27216586084577626 -0.08610283770138555 0.08411571251947995 0.182585354377577 0.7102893296618861 0.7813618904183979 0.851381700344798 0.9251581077688975 0.9560928373359109 1.0106067698665167 1.0589599102916822 1.1278327201609217 1.1842757512218256 1.2541303728919457
135 1350 -0.27216586084577626 -0.08610283770138555 0.08411571251947995 0.182585354377577 0.7102893296618861 0.7813618904183979 0.851381700344798 0.9251581077688975 0.9560928373359109 1.0106067698665167 1.0589599102916822 1.1278327201609217 1.1842757512218256 1.2541303728919457
136 1360 -0.27216586084577626 -0.08610283770138555 0.08411571251947995 0.182585354377577 0.7102893296618861 0.7813618904183979 0.851381700344798 0.9251581077688975 0.9560928373359109 1.0106067698665167 1.0589599102916822 1.1278327201609217 1.1842757512218256 1.2541303728919457
137 1370 -0.27216586084577626 -0.08610283770138555 0.08411571251947995 0.182585354377577 0.7102893296618861 0.7813618904183979 0.851381700344798 0.9251581077688975 0.9560928373359109 1.0106067698665167 1.0589599102916822 1.1278327201609217 1.1842757512218256 1.2541303728919457
138 1380 -0.27216586084577626 -0.08610283770138555 0.08411571251947995 0.182585354377577 0.7102893296618861 0.7813618904183979 0.851381700344798 0.9251581077688975 0.9560928373359109 1.0106067698665167 1.0589599102916822 1.1278327201609217 1.1842757512218256 1.2541303728919457
139 1390 -0.27216586084577626 -0.08610283770138555 0.08411571251947995 0.182585354377577 0.7102893296618861 0.7813618904183979 0.851381700344798 0.9251581077688975 0.9560928373359109 1.0106067698665167 1.0589599102916822 1.1278327201609217 1.1842757512218256 1.2541303728919457
140 1400 -0.27216586084577626 -0.08610283770138555 0.08411571251947995 0.182585354377577 0.7102893296618861 0.7813618904183979 0.851381700344798 0.9251581077688975 0.9560928373359109 1.0106067698665167 1.0589599102916822 1.1278327201609217 1.1842757512218256 1.2541303728919457
141 1410 -0.2233560700919982 -0.08401818820983868 0.05029025868608415 0.18796690894522833 0.7527854475470759 0.8035013241405768 0.863955060750204 0.9522108049948584 0.9684954635375121 1.0201795144499326 1.0361846242373374 1.0791611915220851 1.1832367202475358 1.2318724099473206
142 1420 -0.2233560700919982 -0.08401818820983868 0.05029025868608415 0.18796690894522833 0.7527854475470759 0.8035013241405768 0.863955060750204 0.9522108049948584 0.9684954635375121 1.0201795144499326 1.0361846242373374 1.0791611915220851 1.1832367202475358 1.2318724099473206
143 1430 -0.2233560700919982 -0.08401818820983868 0.05029025868608415 0.18796690894522833 0.7527854475470759 0.8035013241405768 0.863955060750204 0.9522108049948584 0.9684954635375121 1.0201795144499326 1.0361846242373374 1.0791611915220851 1.1832367202475358 1.2318724099473206
144 1440 -0.2233560700919982 -0.08401818820983868 0.05029025868608415 0.18796690894522833 0.7527854475470759 0.8035013241405768 0.863955060750204 0.9522108049948584 0.9684954635375121 1.0201795144499326 1.0361846242373374 1.0791611915220851 1.1832367202475358 1.2318724099473206
145 1450 -0.2233560700919982 -0.08401818820983868 0.05029025868608415 0.18796690894522833 0.7527854475470759 0.8035013241405768 0.863955060750204 0.9522108049948584 0.9684954635375121 1.0201795144499326 1.0361846242373374 1.0791611915220851 1.1832367202475358 1.2318724099473206
146 1460 -0.2233560700919982 -0.08401818820983868 0.05029025868608415 0.18796690894522833 0.7527854475470759 0.8035013241405768 0.863955060750204 0.9522108049948584 0.9684954635375121 1.0201795144499326 1.0361846242373374 1.0791611915220851 1.1832367202475358 1.2318724099473206
147 1470 -0.2233560700919982 -0.08401818820983868 0.05029025868608415 0.18796690894522833 0.7527854475470759 0.8035013241405768 0.863955060750204 0.9522108049948584 0.9684954635375121 1.0201795144499326 1.0361846242373374 1.0791611915220851 1.1832367202475358 1.2318724099473206
148 1480 -0.2233560700919982 -0.08401818820983868 0.05029025868608415 0.18796690894522833 0.7527854475470759 0.8035013241405768 0.863955060750204 0.9522108049948584 0.9684954635375121 1.0201795144499326 1.0361846242373374 1.0791611915220851 1.1832367202475358 1.2318724099473206
149 1490 -0.2233560700919982 -0.08401818820983868 0.05029025868608415 0.18796690894522833 0.7527854475470759 0.8035013241405768 0.863955060750204 0.9522108049948584 0.9684954635375121 1.0201795144499326 1.0361846242373374 1.0791611915220851 1.1832367202475358 1.2318724099473206
150 1500 -0.2233560700919982 -0.08401818820983868 0.05029025868608415 0.18796690894522833 0.7527854475470759 0.8035013241405768 0.863955060750204 0.9522108049948584 0.9684954635375121 1.0201795144499326 1.0361846242373374 1.0791611915220851 1.1832367202475358 1.2318724099473206
151 1510 -0.24330481392441047 -0.07273506214767933 0.0831783452723874 0.1590005619086179 0.7535894601356183 0.785206093327861 0.8592142033482514 0.8855646016064397 0.9826338787078013 1.0156127369898083 1.0373237674776663 1.1181849588148722 1.2009344452222848 1.2358884626794049
152 1520 -0.24330481392441047 -0.07273506214767933 0.0831783452723874 0.1590005619086179 0.7535894601356183 0.785206093327861 0.8592142033482514 0.8855646016064397 0.9826338787078013 1.0156127369898083 1.0373237674776663 1.1181849588148722 1.2009344452222848 1.2358884626794049
153 1530 -0.24330481392441047 -0.07273506214767933 0.0831783452723874 0.1590005619086179 0.7535894601356183 0.785206093327861 0.8592142033482514 0.8855646016064397 0.9826338787078013 1.0156127369898083 1.0373237674776663 1.1181849588148722 1.2009344452222848 1.2358884626794049
154 1540 -0.24330481392441047 -0.07273506214767933 0.0831783452723874 0.1590005619086179 0.7535894601356183 0.785206093327861 0.8592142033482514 0.8855646016064397 0.9826338787078013 1.0156127369898083 1.0373237674776663 1.1181849588148722 1.2009344452222848 1.2358884626794049
155 1550 -0.24330481392441047 -0.07273506214767933 0.0831783452723874 0.1590005619086179 0.7535894601356183 0.785206093327861 0.8592142033482514 0.8855646016064397 0.9826338787078013 1.0156127369898083 1.0373237674776663 1.1181849588148722 1.2009344452222848 1.2358884626794049
156 1560 -0.24330481392441047 -0.07273506214767933 0.0831783452723874 0.1590005619086179 0.7535894601356183 0.785206093327861 0.8592142033482514 0.8855646016064397 0.9826338787078013 1.0156127369898083 1.0373237674776663 1.1181849588148722 1.2009344452222848 1.2358884626794049
157 1570 -0.24330481392441047 -0.07273506214767933 0.0831783452723874 0.1590005619086179 0.7535894601356183 0.785206093327861 0.8592142033482514 0.8855646016064397 0.9826338787078013 1.0156127369898083 1.0373237674776663 1.1181849588148722 1.2009344452222848 1.2358884626794049
158 1580 -0.24330481392441047 -0.07273506214767933 0.0831783452723874 0.1590005619086179 0.7535894601356183 0.785206093327861 0.8592142033482514 0.8855646016064397 0.9826338787078013 1.0156127369898083 1.0373237674776663 1.1181849588148722 1.2009344452222848 1.2358884626794049
159 1590 -0.24330481392441047 -0.07273506214767933 0.0831783452723874 0.1590005619086179 0.7535894601356183 0.785206093327861 0.8592142033482514 0.8855646016064397 0.9826338787078013 1.0156127369898083 1.0373237674776663 1.1181849588148722 1.2009344452222848 1.2358884626794049
160 1600 -0.24330481392441047 -0.07273506214767933 0.0831783452723874 0.1590005619086179 0.7535894601356183 0.785206093327861 0.8592142033482514 0.8855646016064397 0.9826338787078013 1.0156127369898083 1.0373237674776663 1.1181849588148722 1.2009344452222848 1.2358884626794049
161 1610 -0.22636256709648522 -0.07267876234982446 0.07260681381428442 0.22059104892188292 0.7352996778792538 0.8112418522529722 0.8650731594670746 0.8966679877896705 0.9314655637375509 1.0103225493468162 1.0472483417905154 1.0923230380470608 1.1997319670678899 1.2771925217144096
162 1620 -0.22636256709648522 -0.07267876234982446 0.07260681381428442 0.22059104892188292 0.7352996778792538 0.8112418522529722 0.8650731594670746 0.8966679877896705 0.9314655637375509 1.0103225493468162 1.0472483417905154 1.0923230380470608 1.1997319670678899 1.2771925217144096
163 1630 -0.22636256709648522 -0.07267876234982446 0.07260681381428442 0.22059104892188292 0.7352996778792538 0.8112418522529722 0.8650731594670746 0.8966679877896705 0.9314655637375509 1.0103225493468162 1.0472483417905154 1.0923230380470608 1.1997319670678899 1.2771925217144096
164 1640 -0.22636256709648522 -0.07267876234982446 0.07260681381428442 0.22059104892188292 0.7352996778792538 0.8112418522529722 0.8650731594670746 0.8966679877896705 0.9314655637375509 1.0103225493468162 1.0472483417905154 1.0923230380470608 1.1997319670678899 1.2771925217144096
165 1650 -0.22636256709648522 -0.07267876234982446 0.07260681381428442 0.22059104892188292 0.7352996778792538 0.8112418522529722 0.8650731594670746 0.8966679877896705 0.9314655637375509 1.0103225493468162 1.0472483417905154 1.0923230380470608 1.1997319670678899 1.2771925217144096
166 1660 -0.22636256709648522 -0.07267876234982446 0.07260681381428442 0.22059104892188292 0.7352996778792538 0.8112418522529722 0.8650731594670746 0.8966679877896705 0.9314655637375509 1.0103225493468162 1.0472483417905154 1.0923230380470608 1.1997319670678899 1.2771925217144096
167 1670 -0.22636256709648522 -0.07267876234982446 0.07260681381428442 0.22059104892188292 0.7352996778792538 0.8112418522529722 0.8650731594670746 0.8966679877896705 0.9314655637375509 1.0103225493468162 1.0472483417905154 1.0923230380470608 1.1997319670678899 1.2771925217144096
168 1680 -0.22636256709648522 -0.07267876234982446 0.07260681381428442 0.22059104892188292 0.7352996778792538 0.8112418522529722 0.8650731594670746 0.8966679877896705 0.9314655637375509 1.0103225493468162 1.0472483417905154 1.0923230380470608 1.1997319670678899 1.2771925217144096
169 1690 -0.22636256709648522 -0.07267876234982446 0.07260681381428442 0.22059104892188292 0.7352996778792538 0.8112418522529722 0.8650731594670746 0.8966679877896705 0.9314655637375509 1.0103225493468162 1.0472483417905154 1.0923230380470608 1.1997319670678899 1.2771925217144096
170 1700 -0.22636256709648522 -0.07267876234982446 0.07260681381428442 0.22059104892188292 0.7352996778792538 0.8112418522529722 0.8650731594670746 0.8966679877896705 0.9314655637375509 1.0103225493468162 1.0472483417905154 1.0923230380470608 1.1997319670678899 1.2771925217144096
171 1710 -0.27817684236131524 -0.07459786784253085 0.09403221488026216 0.2456353205963089 0.7623919963227032 0.7746697410575014 0.8302402740906204 0.9014364959942524 0.9406209580349086 1.009893593651213 1.0543666540318677 1.1101061289667533 1.1953444772009743 1.2803252056135883
172 1720 -0.27817684236131524 -0.07459786784253085 0.09403221488026216 0.2456353205963089 0.7623919963227032 0.7746697410575014 0.8302402740906204 0.9014364959942524 0.9406209580349086 1.009893593651213 1.0543666540318677 1.1101061289667533 1.1953444772009743 1.2803252056135883
173 1730 -0.27817684236131524 -0.07459786784253085 0.09403221488026216 0.2456353205963089 0.7623919963227032 0.7746697410575014 0.8302402740906204 0.9014364959942524 0.9406209580349086 1.009893593651213 1.0543666540318677 1.1101061289667533 1.1953444772009743 1.2803252056135883
174 1740 -0.27817684236131524 -0.07459786784253085 0.09403221488026216 0.2456353205963089 0.7623919963227032 0.7746697410575014 0.8302402740906204 0.9014364959942524 0.9406209580349086 1.009893593651213 1.0543666540318677 1.1101061289667533 1.1953444772009743 1.2803252056135883
175 1750 -0.27817684236131524 -0.07459786784253085 0.09403221488026216 0.2456353205963089 0.7623919963227032 0.7746697410575014 0.8302402740906204 0.9014364959942524 0.9406209580349086 1.009893593651213 1.0543666540318677 1.1101061289667533 1.1953444772009743 1.2803252056135883
176 1760 -0.27817684236131524 -0.07459786784253085 0.09403221488026216 0.2456353205963089 0.7623919963227032 0.7746697410575014 0.8302402740906204 0.9014364959942524 0.9406209580349086 1.009893593651213 1.0543666540318677 1.1101061289667533 1.1953444772009743 1.2803252056135883
177 1770 -0.27817684236131524 -0.07459786784253085 0.09403221488026216 0.2456353205963089 0.7623919963227032 0.7746697410575014 0.8302402740906204 0.9014364959942524 0.9406209580349086 1.009893593651213 1.0543666540318677 1.1101061289667533 1.1953444772009743 1.2803252056135883
178 1780 -0.27817684236131524 -0.07459786784253085 0.09403221488026216 0.2456353205963089 0.7623919963227032 0.7746697410575014 0.8302402740906204 0.9014364959942524 0.9406209580349086 1.009893593651213 1.0543666540318677 1.1101061289667533 1.1953444772009743 1.2803252056135883
179 1790 -0.27817684236131524 -0.07459786784253085 0.09403221488026216 0.2456353205963089 0.7623919963227032 0.7746697410575014 0.8302402740906204 0.9014364959942524 0.9406209580349086 1.009893593651213 1.0543666540318677 1.1101061289667533 1.1953444772009743 1.2803252056135883
180 1800 -0.27817684236131524 -0.07459786784253085 0.09403221488026216 0.2456353205963089 0.7623919963227032 0.7746697410575014 0.8302402740906204 0.9014364959942524 0.9406209580349086 1.009893593651213 1.0543666540318677 1.1101061289667533 1.1953444772009743 1.2803252056135883
181 1810 -0.2100945968577298 -0.07871066455741882 0.09821466626271862 0.16945245628284947 0.7709604482445322 0.7890339864251452 0.8641139472796101 0.8731118749754587 0.9596055622771308 1.0238049067732609 1.0404115488661463 1.1464912485137473 1.153635860108295 1.2558800505843073
182 1820 -0.2100945968577298 -0.07871066455741882 0.09821466626271862 0.16945245628284947 0.7709604482445322 0.7890339864251452 0.8641139472796101 0.8731118749754587 0.9596055622771308 1.0238049067732609 1.0404115488661463 1.1464912485137473 1.153635860108295 1.2558800505843073
183 1830 -0.2100945968577298 -0.07871066455741882 0.09821466626271862 0.16945245628284947 0.7709604482445322 0.7890339864251452 0.8641139472796101 0.8731118749754587 0.9596055622771308 1.0238049067732609 1.0404115488661463 1.1464912485137473 1.153635860108295 1.2558800505843073
184 1840 -0.2100945968577298 -0.07871066455741882 0.09821466626271862 0.16945245628284947 0.7709604482445322 0.7890339864251452 0.8641139472796101 0.8731118749754587 0.9596055622771308 1.0238049067732609 1.0404115488661463 1.1464912485137473 1.153635860108295 1.2558800505843073
185 1850 -0.2100945968577298 -0.07871066455741882 0.09821466626271862 0.16945245628284947 0.7709604482445322 0.7890339864251452 0.8641139472796101 0.8731118749754587 0.9596055622771308 1.0238049067732609 1.0404115488661463 1.1464912485137473 1.153635860108295 1.2558800505843073
186 1860 -0.2100945968577298 -0.07871066455741882 0.09821466626271862 0.16945245628284947 0.7709604482445322 0.7890339864251452 0.8641139472796101 0.8731118749754587 0.9596055622771308 1.0238049067732609 1.0404115488661463 1.1464912485137473 1.153635860108295 1.2558800505843073
187 1870 -0.2100945968577298 -0.07871066455741882 0.09821466626271862 0.16945245628284947 0.7709604482445322 0.7890339864251452 0.8641139472796101 0.8731118749754587 0.9596055622771308 1.0238049067732609 1.0404115488661463 1.1464912485137473 1.153635860108295 1.2558800505843073
188 1880 -0.2100945968577298 -0.07871066455741882 0.09821466626271862 0.16945245628284947 0.7709604482445322 0.7890339864251452 0.8641139472796101 0.8731118749754587 0.9596055622771308 1.0238049067732609 1.0404115488661463 1.1464912485137473 1.153635860108295 1.2558800505843073
189 1890 -0.2100945968577298 -0.07871066455741882 0.09821466626271862 0.16945245628284947 0.7709604482445322 0.7890339864251452 0.8641139472796101 0.8731118749754587 0.9596055622771308 1.0238049067732609 1.0404115488661463 1.1464912485137473 1.153635860108295 1.2558800505843073
190 1900 -0.2100945968577298 -0.07871066455741882 0.09821466626271862 0.16945245628284947 0.7709604482445322 0.7890339864251452 0.8641139472796101 0.8731118749754587 0.9596055622771308 1.0238049067732609 1.0404115488661463 1.1464912485137473 1.153635860108295 1.2558800505843073
191 1910 -0.2441738539385913 -0.07013380168489215 0.05749550363598827 0.1522037608350757 0.7775505333716968 0.8431444324922452 0.8728278638161369 0.9348967932313555 0.974687313082994 1.009634587019297 1.0234276929515618 1.1026018602977277 1.173203329124163 1.1998931727749134
192 1920 -0.2441738539385913 -0.07013380168489215 0.05749550363598827 0.1522037608350757 0.7775505333716968 0.8431444324922452 0.8728278638161369 0.9348967932313555 0.974687313082994 1.009634587019297 1.0234276929515618 1.1026018602977277 1.173203329124163 1.1998931727749134
193 1930 -0.2441738539385913 -0.07013380168489215 0.05749550363598827 0.1522037608350757 0.7775505333716968 0.8431444324922452 0.8728278638161369 0.9348967932313555 0.974687313082994 1.009634587019297 1.0234276929515618 1.1026018602977277 1.173203329124163 1.1998931727749134
194 1940 -0.2441738539385913 -0.07013380168489215 0.05749550363598827 0.1522037608350757 0.7775505333716968 0.8431444324922452 0.8728278638161369 0.9348967932313555 0.974687313082994 1.009634587019297 1.0234276929515618 1.1026018602977277 1.173203329124163 1.1998931727749134
195 1950 -0.2441738539385913 -0.07013380168489215 0.05749550363598827 0.1522037608350757 0.7775505333716968 0.8431444324922452 0.8728278638161369 0.9348967932313555 0.974687313082994 1.009634587019297 1.0234276929515618 1.1026018602977277 1.173203329124163 1.1998931727749134
196 1960 -0.2441738539385913 -0.07013380168489215 0.05749550363598827 0.1522037608350757 0.7775505333716968 0.8431444324922452 0.8728278638161369 0.9348967932313555 0.974687313082994 1.009634587019297 1.0234276929515618 1.1026018602977277 1.173203329124163 1.1998931727749134
197 1970 -0.2441738539385913 -0.07013380168489215 0.05749550363598827 0.1522037608350757 0.7775505333716968 0.8431444324922452 0.8728278638161369 0.9348967932313555 0.974687313082994 1.009634587019297 1.0234276929515618 1.1026018602977277 1.173203329124163 1.1998931727749134
198 1980 -0.2441738539385913 -0.07013380168489215 0.05749550363598827 0.1522037608350757 0.7775505333716968 0.8431444324922452 0.8728278638161369 0.9348967932313555 0.974687313082994 1.009634587019297 1.0234276929515618 1.1026018602977277 1.173203329124163 1.1998931727749134
199 1990 -0.2441738539385913 -0.07013380168489215 0.05749550363598827 0.1522037608350757 0.7775505333716968 0.8431444324922452 0.8728278638161369 0.9348967932313555 0.974687313082994 1.009634587019297 1.0234276929515618 1.1026018602977277 1.173203329124163 1.1998931727749134
200 2000 -0.2441738539385913 -0.07013380168489215 0.05749550363598827 0.1522037608350757 0.7775505333716968 0.8431444324922452 0.8728278638161369 0.9348967932313555 0.974687313082994 1.009634587019297 1.0234276929515618 1.1026018602977277 1.173203329124163 1.1998931727749134
201 2010 -0.2661371054577446 -0.10254578572076903 0.08136203850067472 0.24822403306853533 0.7175881672553498 0.7706609843072645 0.8512458372454113 0.9032393007072648 0.9646334171381512 1.0041939895615035 1.0399342880096507 1.139143883180023 1.1734499257294637 1.2867276803666405
202 2020 -0.2661371054577446 -0.10254578572076903 0.08136203850067472 0.24822403306853533 0.7175881672553498 0.7706609843072645 0.8512458372454113 0.9032393007072648 0.9646334171381512 1.0041939895615035 1.0399342880096507 1.139143883180023 1.1734499257294637 1.2867276803666405
203 2030 -0.2661371054577446 -0.10254578572076903 0.08136203850067472 0.24822403306853533 0.7175881672553498 0.7706609843072645 0.8512458372454113 0.9032393007072648 0.9646334171381512 1.0041939895615035 1.0399342880096507 1.139143883180023 1.1734499257294637 1.2867276803666405
204 2040 -0.2661371054577446 -0.10254578572076903 0.08136203850067472 0.24822403306853533 0.7175881672553498 0.7706609843072645 0.8512458372454113 0.9032393007072648 0.9646334171381512 1.0041939895615035 1.0399342880096507 1.139143883180023 1.1734499257294637 1.2867276803666405
205 2050 -0.2661371054577446 -0.10254578572076903 0.08136203850067472 0.24822403306853533 0.7175881672553498 0.7706609843072645 0.8512458372454113 0.9032393007072648 0.9646334171381512 1.0041939895615035 1.0399342880096507 1.139143883180023 1.1734499257294637 1.2867276803666405
206 2060 -0.2661371054577446 -0.10254578572076903 0.08136203850067472 0.24822403306853533 0.7175881672553498 0.7706609843072645 0.8512458372454113 0.9032393007072648 0.9646334171381512 1.0041939895615035 1.0399342880096507 1.139143883180023 1.1734499257294637 1.2867276803666405
207 2070 -0.2661371054577446 -0.10254578572076903 0.08136203850067472 0.24822403306853533 0.7175881672553498 0.7706609843072645 0.8512458372454113 0.9032393007072648 0.9646334171381512 1.0041939895615035 1.0399342880096507 1.139143883180023 1.1734499257294637 1.2867276803666405
208 2080 -0.2661371054577446 -0.10254578572076903 0.08136203850067472 0.24822403306853533 0.7175881672553498 0.7706609843072645 0.8512458372454113 0.9032393007072648 0.9646334171381512 1.0041939895615035 1.0399342880096507 1.139143883180023 1.1734499257294637 1.2867276803666405
209 2090 -0.2661371054577446 -0.10254578572076903 0.08136203850067472 0.24822403306853533 0.7175881672553498 0.7706609843072645 0.8512458372454113 0.9032393007072648 0.9646334171381512 1.0041939895615035 1.0399342880096507 1.139143883180023 1.1734499257294637 1.2867276803666405
210 2100 -0.2661371054577446 -0.10254578572076903 0.08136203850067472 0.24822403306853533 0.7175881672553498 0.7706609843072645 0.8512458372454113 0.9032393007072648 0.9646334171381512 1.0041939895615035 1.0399342880096507 1.139143883180023 1.1734499257294637 1.2867276803666405
211 2110 -0.3362976027140317 -0.06297864245989289 0.08553383554099284 0.20592563320752824 0.6943868092829267 0.7146890095708947 0.8761045918877844 0.9233735776841356 0.975860471259654 1.0218514680513824 1.0554974749606703 1.1251618833590624 1.1597469232834157 1.2904678869296575
212 2120 -0.3362976027140317 -0.06297864245989289 0.08553383554099284 0.20592563320752824 0.6943868092829267 0.7146890095708947 0.8761045918877844 0.9233735776841356 0.975860471259654 1.0218514680513824 1.0554974749606703 1.1251618833590624 1.1597469232834157 1.2904678869296575
213 2130 -0.3362976027140317 -0.06297864245989289 0.08553383554099284 0.20592563320752824 0.6943868092829267 0.7146890095708947 0.8761045918877844 0.9233735776841356 0.975860471259654 1.0218514680513824 1.0554974749606703 1.1251618833590624 1.1597469232834157 1.2904678869296575
214 2140 -0.3362976027140317 -0.06297864245989289 0.08553383554099284 0.20592563320752824 0.6943868092829267 0.7146890095708947 0.8761045918877844 0.9233735776841356 0.975860471259654 1.0218514680513824 1.0554974749606703 1.1251618833590624 1.1597469232834157 1.2904678869296575
215 2150 -0.3362976027140317 -0.06297864245989289 0.08553383554099284 0.20592563320752824 0.6943868092829267 0.7146890095708947 0.8761045918877844 0.9233735776841356 0.975860471259654 1.0218514680513824 1.0554974749606703 1.1251618833590624 1.1597469232834157 1.2904678869296575
216 2160 -0.3362976027140317 -0.06297864245989289 0.08553383554099284 0.20592563320752824 0.6943868092829267 0.7146890095708947 0.8761045918877844 0.9233735776841356 0.975860471259654 1.0218514680513824 1.0554974749606703 1.1251618833590624 1.1597469232834157 1.2904678869296575
217 2170 -0.3362976027140317 -0.06297864245989289 0.08553383554099284 0.20592563320752824 0.6943868092829267 0.7146890095708947 0.8761045918877844 0.9233735776841356 0.975860471259654 1.0218514680513824 1.0554974749606703 1.1251618833590624 1.1597469232834157 1.2904678869296575
218 2180 -0.3362976027140317 -0.06297864245989289 0.08553383554099284 0.20592563320752824 0.6943868092829267 0.7146890095708947 0.8761045918877844 0.9233735776841356 0.975860471259654 1.0218514680513824 1.0554974749606703 1.1251618833590624 1.1597469232834157 1.2904678869296575
219 2190 -0.3362976027140317 -0.06297864245989289 0.08553383554099284 0.20592563320752824 0.6943868092829267 0.7146890095708947 0.8761045918877844 0.9233735776841356 0.975860471259654 1.0218514680513824 1.0554974749606703 1.1251618833590624 1.1597469232834157 1.2904678869296575
220 2200 -0.3362976027140317 -0.06297864245989289 0.08553383554099284 0.20592563320752824 0.6943868092829267 0.7146890095708947 0.8761045918877844 0.9233735776841356 0.975860471259654 1.0218514680513824 1.0554974749606703 1.1251618833590624 1.1597469232834157 1.2904678869296575
221 2210 -0.23284243968774293 -0.0907698919150853 0.06048804226919861 0.19896031616139137 0.6890604879719991 0.7417387901302236 0.8867731582677674 0.9601557639666118 0.9809496793181571 1.0205404732372414 1.1041699126211613 1.1111731034443129 1.142306650614892 1.2264693266302478
222 2220 -0.23284243968774293 -0.0907698919150853 0.06048804226919861 0.19896031616139137 0.6890604879719991 0.7417387901302236 0.8867731582677674 0.9601557639666118 0.9809496793181571 1.0205404732372414 1.1041699126211613 1.1111731034443129 1.142306650614892 1.2264693266302478
223 2230 -0.23284243968774293 -0.0907698919150853 0.06048804226919861 0.19896031616139137 0.6890604879719991 0.7417387901302236 0.8867731582677674 0.9601557639666118 0.9809496793181571 1.0205404732372414 1.1041699126211613 1.1111731034443129 1.142306650614892 1.2264693266302478
224 2240 -0.23284243968774293 -0.0907698919150853 0.06048804226919861 0.19896031616139137 0.6890604879719991 0.7417387901302236 0.8867731582677674 0.9601557639666118 0.9809496793181571 1.0205404732372414 1.1041699126211613 1.1111731034443129 1.142306650614892 1.2264693266302478
225 2250 -0.23284243968774293 -0.0907698919150853 0.06048804226919861 0.19896031616139137 0.6890604879719991 0.7417387901302236 0.8867731582677674 0.9601557639666118 0.9809496793181571 1.0205404732372414 1.1041699126211613 1.1111731034443129 1.142306650614892 1.2264693266302478
226 2260 -0.23284243968774293 -0.0907698919150853 0.06048804226919861 0.19896031616139137 0.6890604879719991 0.7417387901302236 0.8867731582677674 0.9601557639666118 0.9809496793181571 1.0205404732372414 1.1041699126211613 1.1111731034443129 1.142306650614892 1.2264693266302478
227 2270 -0.23284243968774293 -0.0907698919150853 0.06048804226919861 0.19896031616139137 0.6890604879719991 0.7417387901302236 0.8867731582677674 0.9601557639666118 0.9809496793181571 1.0205404732372414 1.1041699126211613 1.1111731034443129 1.142306650614892 1.2264693266302478
228 2280 -0.23284243968774293 -0.0907698919150853 0.06048804226919861 0.19896031616139137 0.6890604879719991 0.7417387901302236 0.8867731582677674 0.9601557639666118 0.9809496793181571 1.0205404732372414 1.1041699126211613 1.1111731034443129 1.142306650614892 1.2264693266302478
229 2290 -0.23284243968774293 -0.0907698919150853 0.06048804226919861 0.19896031616139137 0.6890604879719991 0.7417387901302236 0.8867731582677674 0.9601557639666118 0.9809496793181571 1.0205404732372414 1.1041699126211613 1.1111731034443129 1.142306650614892 1.2264693266302478
230 2300 -0.23284243968774293 -0.0907698919150853 0.06048804226919861 0.19896031616139137 0.6890604879719991 0.7417387901302236 0.8867731582677674 0.9601557639666118 0.9809496793181571 1.0205404732372414 1.1041699126211613 1.1111731034443129 1.142306650614892 1.2264693266302478
231 2310 -0.29500429221997915 -0.07284509583162758 0.0506770745654544 0.2287563921214446 0.6741747089055009 0.7774809001492436 0.9139238363686754 0.9220807019660474 0.9961123355266074 1.0082948555939808 1.0272451410760153 1.1377064315734862 1.1509017781919044 1.2539699374368853
232 2320 -0.29500429221997915 -0.07284509583162758 0.0506770745654544 0.2287563921214446 0.6741747089055009 0.7774809001492436 0.9139238363686754 0.9220807019660474 0.9961123355266074 1.0082948555939808 1.0272451410760153 1.1377064315734862 1.1509017781919044 1.2539699374368853
233 2330 -0.29500429221997915 -0.07284509583162758 0.0506770745654544 0.2287563921214446 0.6741747089055009 0.7774809001492436 0.9139238363686754 0.9220807019660474 0.9961123355266074 1.0082948555939808 1.0272451410760153 1.1377064315734862 1.1509017781919044 1.2539699374368853
234 2340 -0.29500429221997915 -0.07284509583162758 0.0506770745654544 0.2287563921214446 0.6741747089055009 0.7774809001492436 0.9139238363686754 0.9220807019660474 0.9961123355266074 1.0082948555939808 1.0272451410760153 1.1377064315734862 1.1509017781919044 1.2539699374368853
235 2350 -0.29500429221997915 -0.07284509583162758 0.0506770745654544 0.2287563921214446 0.6741747089055009 0.7774809001492436 0.9139238363686754 0.9220807019660474 0.9961123355266074 1.0082948555939808 1.0272451410760153 1.1377064315734862 1.1509017781919044 1.2539699374368853
236 2360 -0.29500429221997915 -0.07284509583162758 0.0506770745654544 0.2287563921214446 0.6741747089055009 0.7774809001492436 0.9139238363686754 0.9220807019660474 0.9961123355266074 1.0082948555939808 1.0272451410760153 1.1377064315734862 1.1509017781919044 1.2539699374368853
237 2370 -0.29500429221997915 -0.07284509583162758 0.0506770745654544 0.2287563921214446 0.6741747089055009 0.7774809001492436 0.9139238363686754 0.9220807019660474 0.9961123355266074 1.0082948555939808 1.0272451410760153 1.1377064315734862 1.1509017781919044 1.2539699374368853
238 2380 -0.29500429221997915 -0.07284509583162758 0.0506770745654544 0.2287563921214446 0.6741747089055009 0.7774809001492436 0.9139238363686754 0.9220807019660474 0.9961123355266074 1.0082948555939808 1.0272451410760153 1.1377064315734862 1.1509017781919044 1.2539699374368853
239 2390 -0.29500429221997915 -0.07284509583162758 0.0506770745654544 0.2287563921214446 0.6741747089055009 0.7774809001492436 0.9139238363686754 0.9220807019660474 0.9961123355266074 1.0082948555939808 1.0272451410760153 1.1377064315734862 1.1509017781919044 1.2539699374368853
240 2400 -0.29500429221997915 -0.07284509583162758 0.0506770745654544 0.2287563921214446 0.6741747089055009 0.7774809001492436 0.9139238363686754 0.9220807019660474 0.9961123355266074 1.0082948555939808 1.0272451410760153 1.1377064315734862 1.1509017781919044 1.2539699374368853
241 2410 -0.23542366806467518 -0.09775607581212861 0.08011572603958668 0.26014271212012074 0.7039045167852661 0.7998397720668396 0.8706782552847312 0.9096658395699129 0.9451721206640997 1.0053354311987324 1.0346254093536764 1.1176871639821961 1.2328600134737342 1.2391668138010201
242 2420 -0.23542366806467518 -0.09775607581212861 0.08011572603958668 0.26014271212012074 0.7039045167852661 0.7998397720668396 0.8706782552847312 0.9096658395699129 0.9451721206640997 1.0053354311987324 1.0346254093536764 1.1176871639821961 1.2328600134737342 1.2391668138010201
243 2430 -0.23542366806467518 -0.09775607581212861 0.08011572603958668 0.26014271212012074 0.7039045167852661 0.7998397720668396 0.8706782552847312 0.9096658395699129 0.9451721206640997 1.0053354311987324 1.0346254093536764 1.1176871639821961 1.2328600134737342 1.2391668138010201
244 2440 -0.23542366806467518 -0.09775607581212861 0.08011572603958668 0.26014271212012074 0.7039045167852661 0.7998397720668396 0.8706782552847312 0.9096658395699129 0.9451721206640997 1.0053354311987324 1.0346254093536764 1.1176871639821961 1.2328600134737342 1.2391668138010201
245 2450 -0.23542366806467518 -0.09775607581212861 0.08011572603958668 0.26014271212012074 0.7039045167852661 0.7998397720668396 0.8706782552847312 0.9096658395699129 0.9451721206640997 1.0053354311987324 1.0346254093536764 1.1176871639821961 1.2328600134737342 1.2391668138010201
246 2460 -0.23542366806467518 -0.09775607581212861 0.08011572603958668 0.26014271212012074 0.7039045167852661 0.7998397720668396 0.8706782552847312 0.9096658395699129 0.9451721206640997 1.0053354311987324 1.0346254093536764 1.1176871639821961 1.2328600134737342 1.2391668138010201
247 2470 -0.23542366806467518 -0.09775607581212861 0.08011572603958668 0.26014271212012074 0.7039045167852661 0.7998397720668396 0.8706782552847312 0.9096658395699129 0.9451721206640997 1.0053354311987324 1.0346254093536764 1.1176871639821961 1.2328600134737342 1.2391668138010201
248 2480 -0.23542366806467518 -0.09775607581212861 0.08011572603958668 0.26014271212012074 0.7039045167852661 0.7998397720668396 0.8706782552847312 0.9096658395699129 0.9451721206640997 1.0053354311987324 1.0346254093536764 1.1176871639821961 1.2328600134737342 1.2391668138010201
249 2490 -0.23542366806467518 -0.09775607581212861 0.08011572603958668 0.26014271212012074 0.7039045167852661 0.7998397720668396 0.8706782552847312 0.9096658395699129 0.9451721206640997 1.0053354311987324 1.0346254093536764 1.1176871639821961 1.2328600134737342 1.2391668138010201
250 2500 -0.23542366806467518 -0.09775607581212861 0.08011572603958668 0.26014271212012074 0.7039045167852661 0.7998397720668396 0.8706782552847312 0.9096658395699129 0.9451721206640997 1.0053354311987324 1.0346254093536764 1.1176871639821961 1.2328600134737342 1.2391668138010201
251 2510 -0.288980420618098 -0.09894826274781826 0.06874211243477127 0.22927594947276778 0.7168773919784851 0.7794336390258705 0.8118550411191914 0.8915722684130488 0.9289738906251963 1.0211214324762499 1.0507840647376294 1.130277237725208 1.2153916845689938 1.2884207731016295
252 2520 -0.288980420618098 -0.09894826274781826 0.06874211243477127 0.22927594947276778 0.7168773919784851 0.7794336390258705 0.8118550411191914 0.8915722684130488 0.9289738906251963 1.0211214324762499 1.0507840647376294 1.130277237725208 1.2153916845689938 1.2884207731016295
253 2530 -0.288980420618098 -0.09894826274781826 0.06874211243477127 0.22927594947276778 0.7168773919784851 0.7794336390258705 0.8118550411191914 0.8915722684130488 0.9289738906251963 1.0211214324762499 1.0507840647376294 1.130277237725208 1.2153916845689938 1.2884207731016295
254 2540 -0.288980420618098 -0.09894826274781826 0.06874211243477127 0.22927594947276778 0.7168773919784851 0.7794336390258705 0.8118550411191914 0.8915722684130488 0.9289738906251963 1.0211214324762499 1.0507840647376294 1.130277237725208 1.2153916845689938 1.2884207731016295
255 2550 -0.288980420618098 -0.09894826274781826 0.06874211243477127 0.22927594947276778 0.7168773919784851 0.7794336390258705 0.8118550411191914 0.8915722684130488 0.9289738906251963 1.0211214324762499 1.0507840647376294 1.130277237725208 1.2153916845689938 1.2884207731016295
256 2560 -0.288980420618098 -0.09894826274781826 0.06874211243477127 0.22927594947276778 0.7168773919784851 0.7794336390258705 0.8118550411191914 0.8915722684130488 0.9289738906251963 1.0211214324762499 1.0507840647376294 1.130277237725208 1.2153916845689938 1.2884207731016295
257 2570 -0.288980420618098 -0.09894826274781826 0.06874211243477127 0.22927594947276778 0.7168773919784851 0.7794336390258705 0.8118550411191914 0.8915722684130488 0.9289738906251963 1.0211214324762499 1.0507840647376294 1.130277237725208 1.2153916845689938 1.2884207731016295
258 2580 -0.288980420618098 -0.09894826274781826 0.06874211243477127 0.22927594947276778 0.7168773919784851 0.7794336390258705 0.8118550411191914 0.8915722684130488 0.9289738906251963 1.0211214324762499 1.0507840647376294 1.130277237725208 1.2153916845689938 1.2884207731016295
259 2590 -0.288980420618098 -0.09894826274781826 0.06874211243477127 0.22927594947276778 0.7168773919784851 0.7794336390258705 0.8118550411191914 0.8915722684130488 0.9289738906251963 1.0211214324762499 1.0507840647376294 1.130277237725208 1.2153916845689938 1.2884207731016295
260 2600 -0.288980420618098 -0.09894826274781826 0.06874211243477127 0.22927594947276778 0.7168773919784851 0.7794336390258705 0.8118550411191914 0.8915722684130488 0.9289738906251963 1.0211214324762499 1.0507840647376294 1.130277237725208 1.2153916845689938 1.2884207731016295
261 2610 -0.25474672934294307 -0.08629127166409062 0.07454039879073382 0.2919179549737319 0.7511686995748201 0.7710771730230715 0.8261075688515098 0.8953995416954665 0.9100409457208707 1.0323810686655626 1.0802022624577794 1.0984181451646333 1.2287179539484032 1.2569404002621052
262 2620 -0.25474672934294307 -0.08629127166409062 0.07454039879073382 0.2919179549737319 0.7511686995748201 0.7710771730230715 0.8261075688515098 0.8953995416954665 0.9100409457208707 1.0323810686655626 1.0802022624577794 1.0984181451646333 1.2287179539484032 1.2569404002621052
263 2630 -0.25474672934294307 -0.08629127166409062 0.07454039879073382 0.2919179549737319 0.7511686995748201 0.7710771730230715 0.8261075688515098 0.8953995416954665 0.9100409457208707 1.0323810686655626 1.0802022624577794 1.0984181451646333 1.2287179539484032 1.2569404002621052
264 2640 -0.25474672934294307 -0.08629127166409062 0.07454039879073382 0.2919179549737319 0.7511686995748201 0.7710771730230715 0.8261075688515098 0.8953995416954665 0.9100409457208707 1.0323810686655626 1.0802022624577794 1.0984181451646333 1.2287179539484032 1.2569404002621052
265 2650 -0.25474672934294307 -0.08629127166409062 0.07454039879073382 0.2919179549737319 0.7511686995748201 0.7710771730230715 0.8261075688515098 0.8953995416954665 0.9100409457208707 1.0323810686655626 1.0802022624577794 1.0984181451646333 1.2287179539484032 1.2569404002621052
266 2660 -0.25474672934294307 -0.08629127166409062 0.07454039879073382 0.2919179549737319 0.7511686995748201 0.7710771730230715 0.8261075688515098 0.8953995416954665 0.9100409457208707 1.0323810686655626 1.0802022624577794 1.0984181451646333 1.2287179539484032 1.2569404002621052
267 2670 -0.25474672934294307 -0.08629127166409062 0.07454039879073382 0.2919179549737319 0.7511686995748201 0.7710771730230715 0.8261075688515098 0.8953995416954665 0.9100409457208707 1.0323810686655626 1.0802022624577794 1.0984181451646333 1.2287179539484032 1.2569404002621052
268 2680 -0.25474672934294307 -0.08629127166409062 0.07454039879073382 0.2919179549737319 0.7511686995748201 0.7710771730230715 0.8261075688515098 0.8953995416954665 0.9100409457208707 1.0323810686655626 1.0802022624577794 1.0984181451646333 1.2287179539484032 1.2569404002621052
269 2690 -0.25474672934294307 -0.08629127166409062 0.07454039879073382 0.2919179549737319 0.7511686995748201 0.7710771730230715 0.8261075688515098 0.8953995416954665 0.9100409457208707 1.0323810686655626 1.0802022624577794 1.0984181451646333 1.2287179539484032 1.2569404002621052
270 2700 -0.25474672934294307 -0.08629127166409062 0.07454039879073382 0.2919179549737319 0.7511686995748201 0.7710771730230715 0.8261075688515098 0.8953995416954665 0.9100409457208707 1.0323810686655626 1.0802022624577794 1.0984181451646333 1.2287179539484032 1.2569404002621052
271 2710 -0.2558357627209755 -0.0749990749689757 0.07917669440059223 0.20724639458906682 0.7496605673020629 0.8055490778643233 0.8171903912077272 0.8984847678434368 0.954159777722719 1.0121348720189471 1.0990855600484886 1.1409083596691083 1.1894465588072034 1.206127171216387
272 2720 -0.2558357627209755 -0.0749990749689757 0.07917669440059223 0.20724639458906682 0.7496605673020629 0.8055490778643233 0.8171903912077272 0.8984847678434368 0.954159777722719 1.0121348720189471 1.0990855600484886 1.1409083596691083 1.1894465588072034 1.206127171216387
273 2730 -0.2558357627209755 -0.0749990749689757 0.07917669440059223 0.20724639458906682 0.7496605673020629 0.8055490778643233 0.8171903912077272 0.8984847678434368 0.954159777722719 1.0121348720189471 1.0990855600484886 1.1409083596691083 1.1894465588072034 1.206127171216387
274 2740 -0.2558357627209755 -0.0749990749689757 0.07917669440059223 0.20724639458906682 0.7496605673020629 0.8055490778643233 0.8171903912077272 0.8984847678434368 0.954159777722719 1.0121348720189471 1.0990855600484886 1.1409083596691083 1.1894465588072034 1.206127171216387
275 2750 -0.2558357627209755 -0.0749990749689757 0.07917669440059223 0.20724639458906682 0.7496605673020629 0.8055490778643233 0.8171903912077272 0.8984847678434368 0.954159777722719 1.0121348720189471 1.0990855600484886 1.1409083596691083 1.1894465588072034 1.206127171216387
276 2760 -0.2558357627209755 -0.0749990749689757 0.07917669440059223 0.20724639458906682 0.7496605673020629 0.8055490778643233 0.8171903912077272 0.8984847678434368 0.954159777722719 1.0121348720189471 1.0990855600484886 1.1409083596691083 1.1894465588072034 1.206127171216387
277 2770 -0.2558357627209755 -0.0749990749689757 0.07917669440059223 0.20724639458906682 0.7496605673020629 0.8055490778643233 0.8171903912077272 0.8984847678434368 0.954159777722719 1.0121348720189471 1.0990855600484886 1.1409083596691083 1.1894465588072034 1.206127171216387
278 2780 -0.2558357627209755 -0.0749990749689757 0.07917669440059223 0.20724639458906682 0.7496605673020629 0.8055490778643233 0.8171903912077272 0.8984847678434368 0.954159777722719 1.0121348720189471 1.0990855600484886 1.1409083596691083 1.1894465588072034 1.206127171216387
279 2790 -0.2558357627209755 -0.0749990749689757 0.07917669440059223 0.20724639458906682 0.7496605673020629 0.8055490778643233 0.8171903912077272 0.8984847678434368 0.954159777722719 1.0121348720189471 1.0990855600484886 1.1409083596691083 1.1894465588072034 1.206127171216387
280 2800 -0.2558357627209755 -0.0749990749689757 0.07917669440059223 0.20724639458906682 0.7496605673020629 0.8055490778643233 0.8171903912077272 0.8984847678434368 0.954159777722719 1.0121348720189471 1.0990855600484886 1.1409083596691083 1.1894465588072034 1.206127171216387
281 2810 -0.2611639973975107 -0.06547386284020876 0.06324348626837863 0.2585202672212276 0.712887304182329 0.7796329289990198 0.8116886851842436 0.8863408005179199 0.9645579706341635 1.0013769702939097 1.0958154842871024 1.1643671488379097 1.2061179715824464 1.2227488465003065
282 2820 -0.2611639973975107 -0.06547386284020876 0.06324348626837863 0.2585202672212276 0.712887304182329 0.7796329289990198 0.8116886851842436 0.8863408005179199 0.9645579706341635 1.0013769702939097 1.0958154842871024 1.1643671488379097 1.2061179715824464 1.2227488465003065
283 2830 -0.2611639973975107 -0.06547386284020876 0.06324348626837863 0.2585202672212276 0.712887304182329 0.7796329289990198 0.8116886851842436 0.8863408005179199 0.9645579706341635 1.0013769702939097 1.0958154842871024 1.1643671488379097 1.2061179715824464 1.2227488465003065
284 2840 -0.2611639973975107 -0.06547386284020876 0.06324348626837863 0.2585202672212276 0.712887304182329 0.7796329289990198 0.8116886851842436 0.8863408005179199 0.9645579706341635 1.0013769702939097 1.0958154842871024 1.1643671488379097 1.2061179715824464 1.2227488465003065
285 2850 -0.2611639973975107 -0.06547386284020876 0.06324348626837863 0.2585202672212276 0.712887304182329 0.7796329289990198 0.8116886851842436 0.8863408005179199 0.9645579706341635 1.0013769702939097 1.0958154842871024 1.1643671488379097 1.2061179715824464 1.2227488465003065
286 2860 -0.2611639973975107 -0.06547386284020876 0.06324348626837863 0.2585202672212276 0.712887304182329 0.7796329289990198 0.8116886851842436 0.8863408005179199 0.9645579706341635 1.0013769702939097 1.0958154842871024 1.1643671488379097 1.2061179715824464 1.2227488465003065
287 2870 -0.2611639973975107 -0.06547386284020876 0.06324348626837863 0.2585202672212276 0.712887304182329 0.7796329289990198 0.8116886851842436 0.8863408005179199 0.9645579706341635 1.0013769702939097 1.0958154842871024 1.1643671488379097 1.2061179715824464 1.2227488465003065
288 2880 -0.2611639973975107 -0.06547386284020876 0.06324348626837863 0.2585202672212276 0.712887304182329 0.7796329289990198 0.8116886851842436 0.8863408005179199 0.9645579706341635 1.0013769702939097 1.0958154842871024 1.1643671488379097 1.2061179715824464 1.2227488465003065
289 2890 -0.2611639973975107 -0.06547386284020876 0.06324348626837863 0.2585202672212276 0.712887304182329 0.7796329289990198 0.8116886851842436 0.8863408005179199 0.9645579706341635 1.0013769702939097 1.0958154842871024 1.1643671488379097 1.2061179715824464 1.2227488465003065
289 2890 -0.2611639973975107 -0.06547386284020876 0.06324348626837863 0.2585202672212276 0.712887304182329 0.7796329289990198 0.8116886851842436 0.8863408005179199 0.9645579706341635 1.0013769702939097 1.0958154842871024 1.1643671488379097 1.2061179715824464 1.2227488465003065
