% # columns="iteration, evaluation, sigma, max axis length,  min axis length, all principal axes lengths  (sorted square roots of eigenvalues of C)", seed=1079862, Tue Feb 24 14:03:55 2026
1 10 0.469182425366511 1.0000450010125153 1.0 1.0 1.0000050000125 1.00001000005 1.0000150001125006 1.0000200002000015 1.0000250003125026 1.0000300004500045 1.0000350006125072 1.0000400008000108 1.0000450010125153
2 20 0.4298780580980902 1.066701885900802 0.9057886801179383 0.9057886801179383 0.9718893713452513 0.9790818587342246 0.9929665306303473 0.995237057036526 1.0000559905641406 1.0026188093752573 1.009090657275775 1.022852044025169 1.066701885900802
3 30 0.4064938148828371 1.091945002170505 0.8700876364605696 0.8700876364605696 0.9430086604466682 0.9671958096089652 0.9740679269008146 0.9868024115160102 0.9961474615827787 0.9991820134213438 1.0240552705312707 1.0481303065638319 1.091945002170505
4 40 0.37701578468532715 1.0775284003016954 0.8621667461082677 0.8621667461082677 0.9319038001709956 0.9612333173962595 0.9714308268557016 0.984432534938145 1.005804047025628 1.0084015774768227 1.0205499094156953 1.0239122120696087 1.0775284003016954
5 50 0.36038901769443815 1.0839385100387338 0.8387635315474795 0.8387635315474795 0.9161015913995838 0.9233273086515097 0.9663808743518584 0.9760519266459484 0.9881196602183967 1.0049103503356478 1.0274617257685126 1.0511070378224219 1.0839385100387338
6 60 0.3255044817849998 1.074228933245068 0.8462660540377737 0.8462660540377737 0.8969171841640138 0.9340569406592996 0.9491771843095983 0.9690819905249726 0.9743154289894723 0.9881082864123238 1.0329978551658656 1.046678462970131 1.074228933245068
7 70 0.30826466545211867 1.072370702325446 0.8444071143631339 0.8444071143631339 0.875966356595433 0.898912133106364 0.9451977503309363 0.9519332835345675 0.9757776081723211 0.9903789924824261 1.030768178578831 1.0433656855203801 1.072370702325446
8 80 0.3014386105420027 1.0844432024385302 0.8290789037080867 0.8290789037080867 0.8844243076860874 0.892736274902589 0.9216643551408685 0.9383096201849102 0.9525591760291754 0.9812945110340279 1.0115628529494491 1.0437879648185633 1.0844432024385302
9 90 0.3065381568045419 1.0875861041129782 0.8205516930704151 0.8205516930704151 0.8608530239795545 0.8851563233056883 0.9178965990069949 0.9370864131362178 0.9481076960732934 0.9671554021301683 0.9968919639328556 1.0570220549757292 1.0875861041129782
10 100 0.2955617634941065 1.0923355373500818 0.8150712544512302 0.8150712544512302 0.8440781794144878 0.8577567410914784 0.908844220786437 0.9389971111464251 0.964111724182047 0.9716702024247879 1.0149788973110054 1.0621583118627977 1.0923355373500818
11 110 0.2700846859658621 1.1154685816551522 0.7986860350497255 0.7986860350497255 0.8307216539706455 0.8578463729883823 0.893819472501165 0.9097823012574605 0.9511624676860638 0.9677475047098142 1.026466960458227 1.076544820782629 1.1154685816551522
12 120 0.2547236225513387 1.1113896916940156 0.7885801640224799 0.7885801640224799 0.7998626924316193 0.8445861671025559 0.8764215801573584 0.9021166985603613 0.9520507199168226 0.9631051414384736 1.0150526230250543 1.0614085366228287 1.1113896916940156
13 130 0.23632941049060763 1.124959573574688 0.7608575746855613 0.7608575746855613 0.7967692503198694 0.8428152188193221 0.849334480042748 0.9038030899911832 0.9449625013469988 0.9604632182462328 1.0374279072511163 1.0733639422023937 1.124959573574688
14 140 0.21871571381648577 1.1632353572551095 0.7430486953819996 0.7430486953819996 0.7854317771066031 0.8214077189775467 0.8443326661406984 0.9003719115021802 0.919663983415872 0.9561441069972594 1.0300182449629653 1.071722848652389 1.1632353572551095
15 150 0.21537120675707108 1.150879677077025 0.7341460159973707 0.7341460159973707 0.7627059716781273 0.7955612519164821 0.835501763625057 0.8839926081327631 0.9270619413467823 0.9648287843139338 1.0200028693495835 1.0785975489169044 1.150879677077025
16 160 0.20592634214492406 1.1274769024476523 0.7367273045652003 0.7367273045652003 0.763070533871073 0.7811446664420317 0.8324364532008415 0.840049389699889 0.9225924604636783 0.9662659705460113 1.0126236547408574 1.1026500753453452 1.1274769024476523
17 170 0.2034600858523419 1.1222979226807988 0.7294418575797713 0.7294418575797713 0.7365674774901615 0.7849701351778733 0.8181846533395818 0.8372247888680047 0.9234533989520499 0.9567931886074088 0.9923964850031911 1.1156796998111818 1.1222979226807988
18 180 0.19946079804349245 1.1981718223352733 0.7006097928554671 0.7006097928554671 0.731305214190798 0.7812891332414323 0.8179915759901816 0.8267111311081645 0.9001001041399608 0.9481435747507188 0.9680376888775957 1.0898114024350436 1.1981718223352733
19 190 0.1848479153527777 1.2227209118985174 0.6970859328184326 0.6970859328184326 0.7047474881483303 0.7653991811316084 0.780734064599404 0.8330772215648335 0.8971148652486451 0.9464508945796032 0.9758180008029155 1.0850184660278093 1.2227209118985174
20 200 0.1733913198083979 1.2209495077518875 0.6800507673502683 0.6800507673502683 0.6945577742961674 0.7566797936279495 0.7850747481800376 0.8308046418251901 0.897011877448713 0.9367351755767029 0.9613100677722651 1.0865078339031604 1.2209495077518875
21 210 0.1612349391580489 1.1949676287458635 0.6767452401995064 0.6767452401995064 0.6914869699765335 0.739412312946734 0.7888943278426059 0.8213386505532222 0.8792878708388682 0.9315799842866193 0.951821516483916 1.0599901877010947 1.1949676287458635
22 220 0.14845261567622986 1.19134981723323 0.671294652680406 0.671294652680406 0.6767448959616488 0.7380658949465938 0.7659291686209156 0.8190232393471221 0.8247452411969015 0.9424910507171106 0.9635522602034737 1.047427767660482 1.19134981723323
23 230 0.13593345699141807 1.1752097985727952 0.6605061875488781 0.6605061875488781 0.6796881487177333 0.7337775473440157 0.7604956753868742 0.7913693249343944 0.81688567959662 0.9348615158800913 0.9810148943172938 1.0224421938243478 1.1752097985727952
24 240 0.1254614542925018 1.1664848229527613 0.6475170831596351 0.6475170831596351 0.6623224342113949 0.7221854454822075 0.7774051603768838 0.7837678625506316 0.8168548900125212 0.9331073913562841 0.9656272404714465 1.009538530328435 1.1664848229527613
25 250 0.11436672393956931 1.1373337518204767 0.6340487947813813 0.6340487947813813 0.6615726287612206 0.7164975352749703 0.76623050141006 0.7733415020401699 0.8234576425812593 0.9205695167518977 0.9537059535261733 0.9921347071150931 1.1373337518204767
26 260 0.10294029316753942 1.0765581173124592 0.6368739401142772 0.6368739401142772 0.6555485393268297 0.7051479481755576 0.7459651195616778 0.7697462915985542 0.8323619420373437 0.8983336606614294 0.9541493382417864 0.9772302471012719 1.0765581173124592
27 270 0.09373287274772969 1.058298503024609 0.6319348337405879 0.6319348337405879 0.6449883388738323 0.7077557172988806 0.7168360726540546 0.7514681229154566 0.8305597139345985 0.8741840312527955 0.9384931684280218 0.9894068154590522 1.058298503024609
28 280 0.08982082769076707 1.0471478691986895 0.6286182741133061 0.6286182741133061 0.6396467711741339 0.6989501897250172 0.7095281392138044 0.7482436643548657 0.8234296401667832 0.8593135531327233 0.9297618839093974 0.9559773879060406 1.0471478691986895
29 290 0.08337383707675737 1.0191018004388344 0.6155923678610377 0.6155923678610377 0.6285760491797516 0.6875999084914536 0.7101683339806688 0.7701921601363066 0.817333962339324 0.8622159070794653 0.9215682210770278 0.9674529001843728 1.0191018004388344
30 300 0.07545625896139178 1.0157837252297568 0.6104028047026587 0.6104028047026587 0.6432000370310673 0.668590340466038 0.7064441661787559 0.7481397848867087 0.8296046044640376 0.8524306541871408 0.8902649516969217 0.9620707166032865 1.0157837252297568
31 310 0.06851097179407566 1.0245236370251953 0.6142921417627887 0.6142921417627887 0.6320122844834525 0.6541841537467478 0.7011099543582793 0.7510646903415189 0.8139338639230572 0.8544663354078557 0.8939788107951178 0.957881494704773 1.0245236370251953
32 320 0.06138476346765263 0.9948099172793576 0.6031045695288463 0.6031045695288463 0.6196059532910378 0.6527850789889639 0.689954887183273 0.7490361195120048 0.8138274610813113 0.8473916226176631 0.8931035203670936 0.9485216005211508 0.9948099172793576
33 330 0.05707064711438216 0.9877434690007694 0.5941284191525811 0.5941284191525811 0.6155281222304599 0.6541739662341727 0.6835370340140013 0.7378552702813842 0.8018840872312818 0.8496192863831031 0.8644179009783994 0.9185765518604677 0.9877434690007694
34 340 0.05196817951957879 0.9679885829727439 0.5898479937049 0.5898479937049 0.6079133414372918 0.640399285512964 0.6829368371160094 0.7328714276016198 0.7936693571095769 0.8316023458409031 0.8631298567448897 0.9110893278312576 0.9679885829727439
35 350 0.05231381206600026 0.9683724093849112 0.5836583137111783 0.5836583137111783 0.5896406745246542 0.6401948494845275 0.6721639804677113 0.7106454642626007 0.794530753028451 0.8114480137531194 0.8600031703770122 0.9293011270868032 0.9683724093849112
36 360 0.05010483364436918 0.9651963204064937 0.5870907450292004 0.5870907450292004 0.6113290000023437 0.6459273306387321 0.6760375173073199 0.6978408113705673 0.7637780638121425 0.8174403562842222 0.8422584563799923 0.9042327800656802 0.9651963204064937
37 370 0.047111007051383096 0.9690375535746228 0.5846259892606773 0.5846259892606773 0.6182840181163284 0.6358196251670158 0.6594176299072014 0.6742928919823641 0.7606572894262967 0.796378838439331 0.8559598211901777 0.8936204784080587 0.9690375535746228
38 380 0.04491836070961154 0.9684531433068075 0.5822934631364691 0.5822934631364691 0.5947597060384913 0.6227668657748987 0.643399436032756 0.665006449871349 0.7579513010663884 0.8072528223530551 0.8610572863782914 0.8897460127080419 0.9684531433068075
39 390 0.03904090311219547 0.9932579790240558 0.5763165807073559 0.5763165807073559 0.5909784114514411 0.6157936542085124 0.6338151979953633 0.6658294073903352 0.7593448659211773 0.7813582488455991 0.8377472055617445 0.8828353114414128 0.9932579790240558
40 400 0.03612546982048482 0.999354265437048 0.5663949452922598 0.5663949452922598 0.5697663639378107 0.611667984177021 0.6290725381916582 0.6506690584071618 0.7333305148159169 0.7759365030008889 0.8378316691813494 0.879922688118501 0.999354265437048
41 410 0.03392646258268478 0.9984685405405846 0.5566377131813464 0.5566377131813464 0.5704613432084503 0.6048858202188557 0.6313997483071291 0.6576685776337631 0.7341624183149353 0.7727717274396341 0.7974468323802298 0.8789040205841807 0.9984685405405846
42 420 0.03179392304969629 0.9905905446462542 0.5421004582050204 0.5421004582050204 0.5695244202639175 0.6004290986945039 0.6345512294538751 0.6630503132632205 0.7033946413006482 0.756796040136406 0.802670687809287 0.8679458257402258 0.9905905446462542
43 430 0.029559173273651578 0.9672514237763786 0.5426520292491176 0.5426520292491176 0.5653222752273547 0.5974222469488154 0.633012466633818 0.6553962324333453 0.6993176597232015 0.7470882265279835 0.8025513519645752 0.8727958698574342 0.9672514237763786
44 440 0.026141143711735308 0.9502665366472121 0.5381611552375188 0.5381611552375188 0.5529603971672559 0.5909199410904251 0.628609512467226 0.6549111986322051 0.6775517697280606 0.7426285777532483 0.80245869956737 0.8579421434853923 0.9502665366472121
45 450 0.02435650742562287 0.9236688357117248 0.5240379056024602 0.5240379056024602 0.5463326662963737 0.5850642120151762 0.6193747171727075 0.646974414250618 0.674666696984634 0.7408610701802637 0.7821663330263136 0.8531967998387 0.9236688357117248
46 460 0.023036232486903264 0.9220409568191075 0.5160964797183905 0.5160964797183905 0.5443653293604286 0.5843661603532694 0.6108912563307444 0.6398641790605739 0.6650371201191024 0.7541467165482625 0.7825981216693998 0.830213246107233 0.9220409568191075
47 470 0.020548054977943632 0.8951651657368379 0.5029927928540446 0.5029927928540446 0.55860130937715 0.5736737122220883 0.5976340139847249 0.6259581694002858 0.6681138630359486 0.7525110892193306 0.7660504053478185 0.8275654172166291 0.8951651657368379
48 480 0.019853674131068776 0.8888127873896061 0.5139884327555938 0.5139884327555938 0.551875847132028 0.5730902522028862 0.5955348397352289 0.6101847537176687 0.6513912538140841 0.7388493403117975 0.7513685891586487 0.8113924465908495 0.8888127873896061
49 490 0.01824705604822584 0.8826801582104221 0.5067454036743765 0.5067454036743765 0.5493875141120179 0.5577482688743439 0.5881535852057337 0.6104495253443719 0.6621432026418179 0.7168245109417681 0.7449625095576305 0.8164503125342397 0.8826801582104221
50 500 0.01763705198536224 0.8597250678801485 0.494555108443951 0.494555108443951 0.5476245485442333 0.5572103020251635 0.5813966865178736 0.6151937770181762 0.6574292443056468 0.7039878551119538 0.7254766166340951 0.8038234386760473 0.8597250678801485
51 510 0.0166349248524632 0.8549930778288986 0.4871826177409733 0.4871826177409733 0.5315744889639652 0.5520526875538855 0.5735652500969295 0.6267781220805936 0.6652727693350816 0.6885206345461096 0.7180196663790723 0.8040991809658351 0.8549930778288986
52 520 0.015124220554150154 0.8314857958352221 0.48186999862183433 0.48186999862183433 0.531159878195702 0.5599440671092833 0.567078381947425 0.62446802116261 0.6545395627389113 0.689888340763712 0.7042760750413778 0.7997235026900853 0.8314857958352221
53 530 0.01343607604460855 0.8328532770686513 0.47972446288981796 0.47972446288981796 0.5328962673443205 0.5505900029187747 0.5563358825375001 0.6157244129888224 0.6581190580833383 0.6754058384703692 0.7047332630566421 0.7532800341041737 0.8328532770686513
54 540 0.013400479017443444 0.8018818300173288 0.48244421818217853 0.48244421818217853 0.5229406798100421 0.5430978958989061 0.5509291558671028 0.6033332299947498 0.6531560580347765 0.66532073971177 0.7080374804549697 0.7464559779349834 0.8018818300173288
55 550 0.012940344837014606 0.78708621091065 0.47290056390900187 0.47290056390900187 0.5235096174359105 0.5447281011753169 0.5550547380339355 0.5768683755010047 0.6383316110031704 0.7032997532124903 0.7110244449887595 0.7381964215381477 0.78708621091065
56 560 0.011944081232934639 0.7842551266931788 0.45064905426699514 0.45064905426699514 0.5209946745338455 0.5411978590463914 0.5487092098362892 0.5708556105933774 0.63907027903739 0.6994874595359566 0.7177231410779851 0.7575470005514195 0.7842551266931788
57 570 0.010798284925297885 0.7850936574556938 0.4507476369198782 0.4507476369198782 0.4919653584466924 0.538603542227301 0.5529312713826022 0.5609593444091959 0.6409380325049365 0.6944170525871988 0.7152164600362397 0.7312338094106839 0.7850936574556938
58 580 0.010109686621035471 0.7946985048748031 0.45128078246038544 0.45128078246038544 0.47869891100782197 0.5370870329757788 0.5530874512850237 0.561584488908337 0.6413020450472068 0.6614967866826321 0.6899155747957026 0.7275849544041005 0.7946985048748031
59 590 0.008993799090867885 0.7852943328077646 0.44206964379877145 0.44206964379877145 0.47705271256043585 0.5242694347724334 0.5486561397288903 0.5562611923179671 0.6401781040022471 0.6601258411424968 0.703820709649943 0.7124249780115938 0.7852943328077646
60 600 0.007748189890796642 0.7795589680654506 0.43336588460643033 0.43336588460643033 0.47171965924505316 0.5160842479005491 0.5379613416900298 0.5550450244591079 0.6375751527390989 0.6477198471020403 0.7021735112687079 0.710575376516485 0.7795589680654506
61 610 0.007071634900821219 0.7802160011777187 0.43191033677773377 0.43191033677773377 0.47399840624525374 0.5260017040077644 0.535050518475878 0.5450273793355712 0.6004977030841938 0.6331864471925428 0.69670636491126 0.7012735864747602 0.7802160011777187
62 620 0.006758501560783891 0.7705295562061483 0.42514215268154865 0.42514215268154865 0.4647472831654033 0.514943131334763 0.529764926426922 0.5591728080651449 0.6004345023641122 0.6297895059951076 0.6824591162049229 0.7057947203339675 0.7705295562061483
63 630 0.006649055722664977 0.759950090082231 0.4270563556271082 0.4270563556271082 0.4554018877703771 0.5137936978780283 0.5338431179637173 0.5469777354939845 0.5759352273957851 0.6338978727014349 0.6764008899686963 0.7097665372364146 0.759950090082231
64 640 0.006237326919508158 0.7557769557534032 0.4204461715472177 0.4204461715472177 0.4413524093587216 0.5112719740556559 0.532362787265756 0.5510715780246767 0.5791216340959411 0.6267105880022966 0.6766549638485035 0.7134646668544486 0.7557769557534032
65 650 0.005566050915429947 0.7592315807266989 0.41253625269724575 0.41253625269724575 0.4365287099724612 0.4993851238632369 0.5294227274738935 0.5487207084658522 0.5929759964833197 0.6199393655872911 0.6744233612074486 0.7114391005777442 0.7592315807266989
66 660 0.004787380456774585 0.7441935794534686 0.40269500930276747 0.40269500930276747 0.43434750800524213 0.48347831163959154 0.5301137227398497 0.5381348815324205 0.5961640120299325 0.6223123942748023 0.6808781038609921 0.6913004185236241 0.7441935794534686
67 670 0.004300875311086213 0.732437342799736 0.3901857863278365 0.3901857863278365 0.4303566418747932 0.48227128387194734 0.5236970588728596 0.5302381859384782 0.580266987591794 0.6077812971036253 0.6764708494806829 0.6891568540173026 0.732437342799736
68 680 0.003929246381416091 0.707456558432396 0.37761437657126246 0.37761437657126246 0.4332221990559542 0.46747838452743007 0.512272634757827 0.5217799974157687 0.5747222675178454 0.6098918961784248 0.6815844355086091 0.6857177339427148 0.707456558432396
69 690 0.004016149876006199 0.7108625957537866 0.38140364379787556 0.38140364379787556 0.424447263719305 0.4582514003547044 0.5129913915630296 0.5259610592405927 0.5531253138698252 0.5986864725593075 0.6628277447931962 0.6830941951023404 0.7108625957537866
70 700 0.004154505229696325 0.7107245611741096 0.3776536228325512 0.3776536228325512 0.4242129573174007 0.45734250704160123 0.5097865161009401 0.5257209440439092 0.572861431119214 0.5882259679962636 0.6580027686002236 0.6732130013231077 0.7107245611741096
71 710 0.003960153239327637 0.7069916694571523 0.3696312664948264 0.3696312664948264 0.42083148040845925 0.44846383076481516 0.49600314325891276 0.5283041382744722 0.5842170557236432 0.6022079427642707 0.6569162182287359 0.6670152066485393 0.7069916694571523
72 720 0.003468414584457535 0.6847704172330333 0.36857939643581894 0.36857939643581894 0.40923290610763596 0.4404044454019955 0.49063406603752774 0.521104376740352 0.5732350569658589 0.6031904155106431 0.6503533665980206 0.6681580335496912 0.6847704172330333
73 730 0.0029950262803278708 0.6730100410403732 0.35449806297499187 0.35449806297499187 0.39988019425549026 0.4321789805234441 0.48946941553728784 0.5175088908206898 0.5653805730119824 0.6012424887073751 0.642461648417718 0.6719702079686272 0.6730100410403732
74 740 0.0027399590255076317 0.6767511897156865 0.34735298799575287 0.34735298799575287 0.39283333578561425 0.41596582757193146 0.4894965182898617 0.5162848714182136 0.5422678090896407 0.5883920576227448 0.6378232840102402 0.6699287538282643 0.6767511897156865
75 750 0.0023997230603847097 0.6833492422712776 0.3421973345106237 0.3421973345106237 0.3855976842330136 0.41811480573917853 0.4825093624756443 0.5105748869293798 0.5279581810775105 0.5838063529641001 0.6242656905013588 0.6622472783108988 0.6833492422712776
76 760 0.002108819831011037 0.6825776467684787 0.32923382721790734 0.32923382721790734 0.3898671823745831 0.41160599099061573 0.4744626175771712 0.5047755012040097 0.5174682050317938 0.5843562742655647 0.6226217950204062 0.6399025125006368 0.6825776467684787
77 770 0.001900050523433324 0.6845037777847915 0.32179398002550147 0.32179398002550147 0.38896239642815134 0.40578383542183244 0.45633468259675203 0.49546244083274354 0.5202968009347019 0.5750025041188765 0.6205558042389511 0.6323624680520502 0.6845037777847915
78 780 0.0017452294940131989 0.6905407505409161 0.3185610913018154 0.3185610913018154 0.3864854119966206 0.40288932982444586 0.4459874253440312 0.49995148008975354 0.5202854075240053 0.5615109996137239 0.5840042114472765 0.6294111978793172 0.6905407505409161
79 790 0.0015778516410041988 0.6808469219184798 0.3208732921093186 0.3208732921093186 0.3786973231716287 0.40137452837664667 0.433242915089961 0.5024732548478897 0.5183880092214302 0.5456476265042802 0.5777193153368697 0.6277633044851056 0.6808469219184798
80 800 0.0014401809977146796 0.6663344077237199 0.3181531720616988 0.3181531720616988 0.37839690301667206 0.3976940915156003 0.4292307307412642 0.49173466486389295 0.5171755677315475 0.537112262543051 0.5641399735132346 0.6133243067598904 0.6663344077237199
81 810 0.0013883863172560547 0.6655342952612878 0.32181717765406853 0.32181717765406853 0.36769658056629256 0.396991172092481 0.4432508919027163 0.4808202816694748 0.519320391182212 0.5384980081803121 0.5631728507810837 0.5804487279800051 0.6655342952612878
82 820 0.0013553064406738695 0.6664383085939453 0.31581866718701174 0.31581866718701174 0.36761198813107815 0.4004545614551305 0.43753228338746236 0.4693937594779338 0.5126352545258269 0.5359715550202336 0.5635119165753965 0.5887049429250762 0.6664383085939453
83 830 0.0012766251972747143 0.657065844964359 0.3207162359425647 0.3207162359425647 0.3685578391205278 0.3961967216236453 0.4346029576577414 0.47078851599872884 0.5012705076304883 0.5380577488942373 0.5614865276511677 0.5821203640399393 0.657065844964359
84 840 0.0013278127158330125 0.6276050308365588 0.31637257954769793 0.31637257954769793 0.3690870193130157 0.3955845370506335 0.4337450721211577 0.4621730640355746 0.5025548167100201 0.5383799726331423 0.5608849834765406 0.5808122615191409 0.6276050308365588
85 850 0.0013628758194170582 0.6314048295890532 0.327149075853735 0.327149075853735 0.3687374956319737 0.4084388557125084 0.42959602961856674 0.4344434899506847 0.5053725672363928 0.524804324404068 0.56023492837384 0.5752428911852263 0.6314048295890532
86 860 0.001265077889238379 0.657978511659369 0.32486353217409497 0.32486353217409497 0.3708881137521086 0.4010763364536712 0.42118809318237094 0.4369397960218923 0.5101959173776449 0.516106453180231 0.5491468016508276 0.5736968013150953 0.657978511659369
87 870 0.0011443727561480485 0.6483645990919498 0.3247973537803735 0.3247973537803735 0.3635128687853325 0.40011290635926455 0.415960781695778 0.4340929886626389 0.5085394500848265 0.509762971907663 0.5350633832823731 0.5573306267084996 0.6483645990919498
88 880 0.001041996922642945 0.6522020364460659 0.3196746370857536 0.3196746370857536 0.35095100927612943 0.40106932705614534 0.4037884070916321 0.4314244897130677 0.5023634154080997 0.5158655486601296 0.5317156797099483 0.5645411411085861 0.6522020364460659
89 890 0.0009663862651495583 0.6489407678389189 0.3112392280242313 0.3112392280242313 0.3518431752650557 0.39178830163637957 0.40633330519794175 0.4301675660607499 0.4889062520580819 0.5039693700858565 0.5321106459002514 0.5600583395047741 0.6489407678389189
90 900 0.0008979860995632954 0.6405464951500868 0.30900506552727025 0.30900506552727025 0.34816020170504686 0.3794982440113017 0.39333109204883476 0.4297960078394837 0.4862776744066498 0.49715172563196 0.5431622422337213 0.5591621499809993 0.6405464951500868
91 910 0.0008966712711796943 0.6445815867617748 0.30634724024083637 0.30634724024083637 0.33603001954276196 0.3765073477983888 0.3987408821888007 0.42699733888173635 0.48287805663191213 0.4869396084987232 0.5374963673343348 0.5646471396848174 0.6445815867617748
92 920 0.0008883724568798575 0.6172336341248814 0.3074510141623904 0.3074510141623904 0.3525883654506051 0.36869829249319813 0.4043963824547097 0.41516458547895135 0.47256308891645016 0.502066365412463 0.5319120120849633 0.5534044068884122 0.6172336341248814
93 930 0.0008628575557415882 0.6064528876495896 0.3058557225144344 0.3058557225144344 0.3553514741842148 0.36097020023646925 0.4082057823962086 0.4167180749521653 0.473217176019736 0.4961563366898003 0.5270033025564724 0.5465008208943569 0.6064528876495896
94 940 0.0007827236680167824 0.596077821683318 0.29663242873926027 0.29663242873926027 0.3528308700032928 0.3631051269964857 0.40023731707909355 0.4227997506351424 0.46878765819854573 0.4956069530358457 0.5315858983758927 0.548745243497759 0.596077821683318
95 950 0.0007103182935452435 0.5804235650687855 0.2893452874000385 0.2893452874000385 0.3507355524785674 0.3634933847539681 0.3902331982751607 0.4123195052550867 0.46429048090465086 0.5011217263468578 0.534280402446851 0.5493608172062634 0.5804235650687855
96 960 0.000681174799720374 0.5906799909945767 0.28625921927353914 0.28625921927353914 0.3368018119033067 0.36168591350302143 0.3848137328719763 0.41009944856510383 0.4618229986296858 0.4876304676925017 0.5271033183185705 0.5477773312243882 0.5906799909945767
97 970 0.0006549795150586444 0.6055348664723824 0.28985310030380984 0.28985310030380984 0.33633657192997723 0.3578600552532077 0.3772897989372536 0.41126240729186464 0.4497504727321762 0.48639583171113326 0.5133918937887659 0.5356247089528987 0.6055348664723824
98 980 0.0006076253200068097 0.603709132724016 0.2862804223936778 0.2862804223936778 0.33238312740708065 0.35850102890191754 0.3763235617935868 0.4042227274884325 0.44256750847777004 0.4851137413677179 0.5104740063184391 0.526466092728412 0.603709132724016
99 990 0.000559723573250627 0.6032154071598465 0.2895743237317907 0.2895743237317907 0.32101677466477035 0.3512510256026696 0.37764075324331625 0.4034493520688471 0.44485561196221446 0.4799000762088136 0.5039187511212663 0.5175581856625756 0.6032154071598465
100 1000 0.0005090765865327579 0.599177310145047 0.2880672388346526 0.2880672388346526 0.32910048337565684 0.35245252729459436 0.37552899519127875 0.3959392972079963 0.4460845677051846 0.46109262139123475 0.4988358828477196 0.508451606388364 0.599177310145047
101 1010 0.00047213802329803054 0.5914912007933071 0.28192756888154924 0.28192756888154924 0.3254090339755792 0.34913843144705653 0.3704794443411431 0.39289437094487567 0.4364800192060647 0.4642032414480365 0.49058459705634905 0.5082720689514079 0.5914912007933071
102 1020 0.00046258842214334355 0.5829022231496686 0.2757611604986132 0.2757611604986132 0.314059176827426 0.3484639136761781 0.3658281449323433 0.3858299915982074 0.4313307292074511 0.4734951601563843 0.48540302389816276 0.5044228571728054 0.5829022231496686
103 1030 0.00043047221570826776 0.5688874588217602 0.27510703225292105 0.27510703225292105 0.32495231090850263 0.35044978098808516 0.3599056098537845 0.38113937253924063 0.43460852732086963 0.45632759915730325 0.4866997282432906 0.4941760533691199 0.5688874588217602
104 1040 0.0004177426930601481 0.5508674635287754 0.2787983865063725 0.2787983865063725 0.3257699693482351 0.3449165032033224 0.3620230373305796 0.3756397586685329 0.4316694904348114 0.44644518669812644 0.4766984944485277 0.4958551465107296 0.5508674635287754
105 1050 0.0004079556530345209 0.5448001241743523 0.27783409395652015 0.27783409395652015 0.321378433211869 0.34290552390185663 0.3667659195195425 0.3690501073668052 0.42548394749130714 0.4420218116202569 0.47724157439715625 0.5017457666943922 0.5448001241743523
106 1060 0.00036888779754352583 0.5473513562583269 0.2741468199354853 0.2741468199354853 0.30852251976150447 0.3395341680027358 0.35927183916737226 0.37841340705475845 0.4215990333327844 0.4429373879489479 0.47454310315099235 0.5037293780240829 0.5473513562583269
107 1070 0.00032125632896691357 0.5321145941381124 0.2716183999792271 0.2716183999792271 0.3058209189473964 0.33472195000132937 0.35444336957933636 0.3808925036798166 0.4135793559719037 0.443952836709844 0.47271017356055084 0.48949204069177493 0.5321145941381124
108 1080 0.0002679898898198693 0.5257607209087947 0.27039550606071944 0.27039550606071944 0.30737459116350896 0.3261615953446058 0.3544328034626119 0.37064529556193637 0.40939671215758405 0.4428087608697025 0.4641521735401921 0.4827813127521729 0.5257607209087947
109 1090 0.00024725255467396013 0.514936095928978 0.26515701082506143 0.26515701082506143 0.30288349289636096 0.3234136779722269 0.34998017573818235 0.37001819945831793 0.4032612034138021 0.443830684863214 0.44521923264727403 0.4836903000212271 0.514936095928978
110 1100 0.0002390086064430143 0.50994817131045 0.2641696147095196 0.2641696147095196 0.30321223405807174 0.3221528737759422 0.35099858545388135 0.3726825811634689 0.399087600468162 0.4306822539916201 0.4347815448430667 0.4835220103207917 0.50994817131045
111 1110 0.00022680096612584806 0.5059863242196543 0.26349817803657655 0.26349817803657655 0.29840139009313554 0.33380210656215803 0.3403967461762272 0.3660955745628028 0.39704488154553436 0.4255663768945021 0.4431736477145257 0.4737488471616822 0.5059863242196543
112 1120 0.00021445865797741572 0.5153181340783876 0.2648680019907028 0.2648680019907028 0.2918163631686218 0.33551260834577645 0.3423979079665201 0.3655035293163854 0.3891094620306769 0.4038857559948226 0.44281162529194695 0.4646862155271701 0.5153181340783876
113 1130 0.00021171143972007064 0.5158868278348359 0.26365632050612453 0.26365632050612453 0.2886589251043606 0.33307105710285184 0.3402863230796249 0.35706087451929114 0.38647066641961203 0.3966094224850952 0.4484560228756302 0.4585244254849074 0.5158868278348359
114 1140 0.00019648148093300672 0.51679256614836 0.26093002392086395 0.26093002392086395 0.2907964772814139 0.31526192283551197 0.33079874419921146 0.3573805595054174 0.3797822195800874 0.4056487086597204 0.4392194542860472 0.4606784016067699 0.51679256614836
115 1150 0.00017430883552867758 0.5198052526413033 0.2561732764586098 0.2561732764586098 0.28766184720652127 0.30928004375598567 0.3288562804315338 0.35922581611316795 0.3818243183019171 0.4002274578357076 0.44135665726577605 0.4653449100782398 0.5198052526413033
116 1160 0.00017676014099791284 0.5088535963556833 0.25605954795510655 0.25605954795510655 0.28412175191742617 0.3082755246375277 0.32494064649356175 0.3528924212143998 0.368934280569049 0.39796216919965466 0.4384328474937141 0.4647533418416093 0.5088535963556833
117 1170 0.00016553358043325318 0.5082046154606447 0.2503610369364255 0.2503610369364255 0.2869167972654416 0.3002067682220815 0.32393570651040504 0.3666126901235635 0.3703502171978216 0.3888616223414499 0.43146277182929055 0.46610253003693153 0.5082046154606447
118 1180 0.00015299574890140805 0.507603683289703 0.24739590925067878 0.24739590925067878 0.2866277333540653 0.2953857435102528 0.3157347519836306 0.3609861352957605 0.36845928145060225 0.3853831415642659 0.4292873886019643 0.4632490322786658 0.507603683289703
119 1190 0.00014411175674276545 0.5118900253556016 0.24379381847893983 0.24379381847893983 0.28285376598306144 0.28896106710367886 0.3124964819650985 0.3549887997627715 0.37037433378111917 0.3810851543109246 0.41968719552713146 0.4552251221785917 0.5118900253556016
120 1200 0.0001401059325251395 0.5182369230677742 0.23992893214676375 0.23992893214676375 0.27487640623319554 0.29051749889240197 0.3130449213617783 0.3587650274237067 0.3617685539867459 0.38647716904423335 0.40153056863153946 0.4454743538216078 0.5182369230677742
121 1210 0.0001397671848403309 0.5091884604536467 0.240350578236318 0.240350578236318 0.2686189965075635 0.2965724774003048 0.3109935510052833 0.35269643687278773 0.3700924315918337 0.380735661753456 0.4019615847752557 0.4230433126236942 0.5091884604536467
122 1220 0.00013081090448780142 0.5100480237666919 0.23268388424701394 0.23268388424701394 0.2725217545780723 0.29720177702568124 0.3049751376247642 0.3478146026438798 0.37068809211582743 0.3767009927071464 0.39767667604191653 0.41829168021990976 0.5100480237666919
123 1230 0.00012516908666744845 0.5051283652301799 0.23452892698257702 0.23452892698257702 0.27104781969554337 0.28021498352951707 0.30508474002693875 0.33806796414777784 0.36659870823385104 0.3754268036822767 0.3951906883612531 0.41645814365032957 0.5051283652301799
124 1240 0.00012144457955180326 0.4975937918491531 0.22857849158892893 0.22857849158892893 0.2715110432846324 0.2741831434864665 0.30762494390270195 0.33872415770714426 0.35858551077511613 0.3757375139995816 0.39022353776634683 0.41116713031964286 0.4975937918491531
125 1250 0.00011881538360061006 0.4957495646921409 0.23458844206502483 0.23458844206502483 0.2648059622814538 0.27337111591331686 0.30801225747974537 0.33064353554889275 0.3572417521228909 0.37718609600244907 0.3823988978988092 0.4075249514493279 0.4957495646921409
126 1260 0.00010560686063516369 0.4903409330789898 0.23185399184453173 0.23185399184453173 0.259835868002041 0.2730162586579756 0.30961569357339 0.33552009702589486 0.34890582079683446 0.3689582080479333 0.3808506933593535 0.4009810543409889 0.4903409330789898
127 1270 9.534326649049755e-05 0.48170464210169045 0.2288386053768888 0.2288386053768888 0.2536643415330839 0.2727502261524816 0.31096165566377143 0.3267636253740664 0.3371638441994903 0.36813346492867866 0.3764146969362295 0.40256256657590755 0.48170464210169045
128 1280 8.738177696518473e-05 0.4822154992187486 0.22633368528844505 0.22633368528844505 0.2535871515420179 0.267159653792001 0.3090909653511654 0.3198483793265375 0.3343196519242293 0.3562822602773816 0.37883224120206327 0.3975169875176343 0.4822154992187486
129 1290 7.871099677148727e-05 0.4680946590139387 0.22719793357003906 0.22719793357003906 0.2502851719178803 0.25903103321000465 0.31253177557774187 0.31837069660536915 0.33204076600924326 0.35372853026957257 0.3724191864615689 0.3948922575896997 0.4680946590139387
130 1300 7.123726988838807e-05 0.45154917696290586 0.22565510237884173 0.22565510237884173 0.25306635387725374 0.25880594069592516 0.29722900434624816 0.3131753673272361 0.3268441579341119 0.35288473387304126 0.37199535195301053 0.3910907537841608 0.45154917696290586
131 1310 6.476114983345677e-05 0.4471531154579274 0.22448366330428543 0.22448366330428543 0.2444379364718855 0.25686138853621887 0.292124906456524 0.3103709121942815 0.31991980856060387 0.35219931473072125 0.3602694384238715 0.3945750104849543 0.4471531154579274
132 1320 5.770510033862546e-05 0.4467534879697966 0.2139038496489324 0.2139038496489324 0.24128380533108618 0.2554706509269036 0.28728580214969646 0.30960263962284096 0.3146492869189207 0.3534316817818218 0.3581385154200626 0.3930584787604119 0.4467534879697966
133 1330 5.349297529695783e-05 0.43902171383083255 0.21562994184768955 0.21562994184768955 0.24122046519526713 0.250404654084236 0.2785723256533346 0.30323918006350137 0.31348707865654585 0.34368948734313437 0.35488501668421846 0.38956799821719595 0.43902171383083255
134 1340 5.037173371882439e-05 0.4371345623665955 0.21585734119608718 0.21585734119608718 0.23991267990701778 0.24883091444707162 0.26908253695726914 0.29849839767235464 0.3112931778947992 0.34403852334388896 0.3517055673537492 0.39537376120134066 0.4371345623665955
135 1350 4.4355744194760766e-05 0.4362436614567135 0.21383070689498085 0.21383070689498085 0.23987932097806283 0.2448682973400946 0.26861038255009106 0.2899774218597578 0.3027363792419908 0.350466479195295 0.35294126173031193 0.39866789961515015 0.4362436614567135
136 1360 3.919261896880061e-05 0.4314133647848077 0.2135206412524829 0.2135206412524829 0.2367991484876901 0.23984340575886576 0.2606810368569734 0.28819383338599197 0.29296743709015943 0.3490287592297814 0.3536004055163548 0.3983626552277576 0.4314133647848077
137 1370 3.597274528622112e-05 0.42977006120814415 0.2117616973634118 0.2117616973634118 0.2343933299422222 0.23783606932197043 0.2570898502931279 0.2838033383030455 0.28979942729125263 0.3384524239164506 0.35278584807552177 0.39631360523394965 0.42977006120814415
138 1380 3.4934964187700006e-05 0.43592134284553374 0.20447280796892545 0.20447280796892545 0.22967757009098377 0.2354445302274223 0.25895352555245377 0.2715081352892317 0.2916551770063271 0.33646586851102217 0.3469074440323047 0.38710412455219617 0.43592134284553374
139 1390 3.212738398685772e-05 0.41783665664358416 0.20338455856693055 0.20338455856693055 0.22653797974520018 0.23481565744645694 0.254909813081419 0.27086199084645424 0.29151523409385105 0.33965188987564415 0.34477894010488325 0.3815768786399677 0.41783665664358416
140 1400 3.059866763294595e-05 0.4150951445707233 0.19918041787375115 0.19918041787375115 0.22442396929248115 0.23105001647564813 0.2499088757071621 0.2704893862947406 0.2920571801065462 0.3295073516170358 0.34684056930099666 0.38324675808554814 0.4150951445707233
141 1410 2.8335194852970827e-05 0.4024675279887594 0.1925963949224224 0.1925963949224224 0.2249085372598971 0.22891498879494096 0.26005758717677463 0.27018743555513586 0.2864562169486668 0.3261510957429713 0.3526625535378167 0.3774799547090932 0.4024675279887594
142 1420 2.5813132168624815e-05 0.39719324858303967 0.19188022727795614 0.19188022727795614 0.22747542144759747 0.22989312709496446 0.2595240222009159 0.2646725260094676 0.27813996630849497 0.3300006977191098 0.35401618801499646 0.3596257440157816 0.39719324858303967
143 1430 2.3061804434865283e-05 0.3895039927722769 0.1938560124394339 0.1938560124394339 0.2102306732100933 0.22960576069331218 0.26008263117793795 0.2669043619771775 0.26982146300237764 0.33228265846878147 0.34916584412789486 0.36165003101176174 0.3895039927722769
144 1440 2.0151247358834063e-05 0.38974692933891947 0.19333558888443766 0.19333558888443766 0.20693760676369247 0.21996109481709014 0.2563232795388452 0.263169032717226 0.27139152640865366 0.3224006078194064 0.34907770734621035 0.3568156338985397 0.38974692933891947
145 1450 1.907454905591658e-05 0.38295837412082606 0.19047921199386542 0.19047921199386542 0.2079407568625701 0.21672147551580703 0.24617006004935976 0.25837801669723093 0.2719728379186927 0.3189294165082041 0.34543993047635435 0.3569750562657594 0.38295837412082606
146 1460 1.8222726665285066e-05 0.37529388517560053 0.18149712591545147 0.18149712591545147 0.20683607856155484 0.21242616595728198 0.25313589759129596 0.2607489467606396 0.27789616097472586 0.31857907526782914 0.3406514784432054 0.3542508661359835 0.37529388517560053
147 1470 1.7454584469523658e-05 0.37501739793894157 0.17873567271540156 0.17873567271540156 0.2040664791367827 0.22081206249677277 0.24516884838120928 0.2631394890800251 0.2726459101376644 0.3146196742446468 0.3345936210354156 0.3499554006105569 0.37501739793894157
148 1480 1.7119275071733254e-05 0.3768374307931792 0.17975708910714808 0.17975708910714808 0.1961164512094441 0.22677413668697086 0.2429563848219994 0.2602976902773037 0.2677973231796263 0.3065896118027629 0.3255143348818888 0.3482405399429866 0.3768374307931792
149 1490 1.5282871768785615e-05 0.3637481600126453 0.17675035488625135 0.17675035488625135 0.1975069259670066 0.21979222424389971 0.24650039123042053 0.2607604713674245 0.2725572544066488 0.2997016663964666 0.3355778630191845 0.34485480892921166 0.3637481600126453
150 1500 1.457580656543185e-05 0.3639396165346441 0.1787521493247277 0.1787521493247277 0.19985434222984025 0.21568341486824033 0.24677479302414532 0.25572002764567114 0.27056417865235116 0.29417044714268664 0.32814992547241306 0.3414513042668703 0.3639396165346441
151 1510 1.3443378334276686e-05 0.35698253811467956 0.17670716143620485 0.17670716143620485 0.19218339781919916 0.21732993600961603 0.24598131391579725 0.2544873062160629 0.27054499276769417 0.29229158664610677 0.3269640389711657 0.34035985508613253 0.35698253811467956
152 1520 1.2011778183080688e-05 0.3533846236433085 0.17316977626315877 0.17316977626315877 0.1909227913471711 0.2147448275740897 0.2468081701294305 0.2535133223661753 0.2710433846101115 0.28570579887196723 0.3270444097090039 0.33661123654356584 0.3533846236433085
153 1530 1.1301425966762418e-05 0.3494732963070375 0.17149501077486515 0.17149501077486515 0.18938724668918486 0.2075735382725044 0.24531063432717173 0.25679555672568777 0.2666391848212708 0.2882833166212791 0.3216942966751924 0.3299824997722503 0.3494732963070375
154 1540 1.0857233770573504e-05 0.3411578277647566 0.17116313205430297 0.17116313205430297 0.1891839155653368 0.206870280602498 0.2372842708479638 0.25253932827262265 0.2705176688658732 0.282542027551503 0.32118767048421615 0.32478492070147064 0.3411578277647566
155 1550 1.0473839634839118e-05 0.33334089826785485 0.17017825054805957 0.17017825054805957 0.19016343487014045 0.20610379211535831 0.23548332044851533 0.25240841124518265 0.26481309536626957 0.2807561272934406 0.31298998538064626 0.32166201904674846 0.33334089826785485
156 1560 1.0234496060406311e-05 0.33094828067230514 0.16804893351167813 0.16804893351167813 0.1918291835105597 0.20623753453411378 0.23649131798890946 0.24902846977438456 0.2658683556722434 0.27954364711129404 0.3005774554015702 0.3181854897348645 0.33094828067230514
157 1570 9.74561447389543e-06 0.33189023547208485 0.1666796553267632 0.1666796553267632 0.18699154302785248 0.2061307909455095 0.2323984496210151 0.24858236813259627 0.26621849625172334 0.27837740913511405 0.29345064711681 0.3106537938680761 0.33189023547208485
158 1580 9.526865876579196e-06 0.33321183420437017 0.1670236670005996 0.1670236670005996 0.1884484622410893 0.2020981965344875 0.23190825571503884 0.2464382784750695 0.26610513645612094 0.27257037496260444 0.2920002880355976 0.3019484655763296 0.33321183420437017
159 1590 8.448465866716261e-06 0.33904379630744835 0.1659895628071627 0.1659895628071627 0.18423732788551467 0.2034356021807649 0.21891315464776975 0.24683587714505983 0.26478063930201073 0.2698737965840837 0.29205282826221013 0.29928698217551425 0.33904379630744835
160 1600 7.783847338996348e-06 0.3308445934731808 0.16383208349185135 0.16383208349185135 0.18320281736162958 0.20285203468809135 0.21514186136886188 0.24506947065683604 0.25643762842818235 0.2667625117982592 0.293017352277557 0.2956537564145081 0.3308445934731808
161 1610 7.232864094005015e-06 0.31960714047289135 0.16259629102793144 0.16259629102793144 0.1842865555531526 0.2008044501968521 0.21644600413481677 0.24418538947662127 0.2554117964342861 0.2676091029642678 0.2866429119933039 0.29321661570504515 0.31960714047289135
162 1620 7.103482024273831e-06 0.31753955165520587 0.15634277703863592 0.15634277703863592 0.18393597297808198 0.20173015088814675 0.2177927066240421 0.24252120833685378 0.25354347498589547 0.26443878663519715 0.2811836736038399 0.2911239105840451 0.31753955165520587
163 1630 6.732081382296026e-06 0.3058202961638266 0.1588645834344863 0.1588645834344863 0.18527544546522112 0.20038127087797586 0.2167773564277093 0.23796022157999394 0.2512334892624312 0.26013119476271523 0.2807408096935895 0.2907052872868112 0.3058202961638266
164 1640 6.324168613215374e-06 0.3042444924495007 0.15761186920775888 0.15761186920775888 0.18271127295272951 0.20400678271620346 0.21304059116903667 0.23434455253715017 0.23962019437042117 0.2614434274367946 0.2769890183074852 0.2949293218508087 0.3042444924495007
165 1650 5.97729929116685e-06 0.30269105757091214 0.15473722926372058 0.15473722926372058 0.1790059428153298 0.2038054096024568 0.2099162646528567 0.23216485859566408 0.24087428932757668 0.2638228229191688 0.2719511727444604 0.28744815871021656 0.30269105757091214
166 1660 5.822565309996902e-06 0.29644128709558754 0.15449259658995315 0.15449259658995315 0.17930951448836635 0.20204335615959956 0.21211506788551623 0.22652240206022722 0.24309230996181264 0.2586581740335127 0.2645445311719393 0.28224178327805116 0.29644128709558754
167 1670 5.396341277901151e-06 0.29678888425704825 0.1559386367627625 0.1559386367627625 0.1742491124073824 0.20055059019194652 0.2080816958692009 0.22406958115615475 0.2506420777199951 0.2524253185744685 0.2604123162468306 0.283552490382752 0.29678888425704825
168 1680 5.061074098521025e-06 0.29154774138744066 0.1518326062137085 0.1518326062137085 0.17295872550195926 0.19605598796021112 0.20589344775087645 0.22374992058457274 0.247303223321275 0.2503381882960678 0.2612865828690413 0.2815591165608438 0.29154774138744066
169 1690 4.745199558220173e-06 0.2928247046033705 0.14600111422271836 0.14600111422271836 0.17201673242796234 0.19694125215240554 0.2054535402445254 0.21821820542234252 0.2449504972950699 0.24893121331547688 0.2639792740196953 0.27584540784689315 0.2928247046033705
170 1700 4.648302645401301e-06 0.29120299209686473 0.14569173603256963 0.14569173603256963 0.17362527682751638 0.19339202616224138 0.1995810715643441 0.2154806031432246 0.2385738697265906 0.24854604147859713 0.2676984537706139 0.2767699966592075 0.29120299209686473
171 1710 4.332194741987948e-06 0.29019110368968837 0.14498914725454276 0.14498914725454276 0.1718954048745073 0.1892237651018927 0.19844367675436783 0.21666495686289292 0.23476175079189204 0.2449662921101868 0.2647817070519439 0.279586860742169 0.29019110368968837
172 1720 3.92887154315794e-06 0.2871886873516895 0.1432283246165849 0.1432283246165849 0.17604556045007647 0.18561298192859083 0.19728134246535475 0.215163054383874 0.22747072549950148 0.24276756041902559 0.2661674445090931 0.27570474433005004 0.2871886873516895
173 1730 3.7091418607404394e-06 0.28249790870746805 0.14430933452453118 0.14430933452453118 0.1759720744051231 0.17827728846490398 0.1931655187077627 0.21541859585388798 0.2214953652793771 0.24384151785338226 0.2621138950728245 0.2723696430013678 0.28249790870746805
174 1740 3.3409362846061444e-06 0.2803368243374045 0.14289900714526754 0.14289900714526754 0.17148300997651614 0.1791762650256295 0.1957514729916859 0.21316594748430026 0.21882270093705358 0.2377845549232847 0.2624885559202026 0.2719438334168037 0.2803368243374045
175 1750 2.9571041491743504e-06 0.27816036775755804 0.14151933870411046 0.14151933870411046 0.16891740507974765 0.17810880092273387 0.19230643346912346 0.2094907911598686 0.2171913897848934 0.22985397553313316 0.26088935403845254 0.2705453472643535 0.27816036775755804
176 1760 2.776960821129742e-06 0.274463244877584 0.14252136499816515 0.14252136499816515 0.16039719611006564 0.181254125254073 0.18551925381564133 0.20520818055910003 0.2179530907184006 0.2317197665471425 0.25954965071944847 0.2686083578859984 0.274463244877584
177 1770 2.7175984974323303e-06 0.2705543266511718 0.14102136580618801 0.14102136580618801 0.167340565607298 0.17670876879993508 0.18539597859868076 0.2017530889629405 0.21503936669496887 0.22825194285107236 0.2534722857198884 0.26850929024863257 0.2705543266511718
178 1780 2.5958080079063296e-06 0.2705693368974041 0.142875344293707 0.142875344293707 0.1636479119025673 0.1790869498837156 0.1842568885173525 0.1995179603326254 0.20836911083190565 0.2258799631514558 0.2501434749489011 0.26642508112634244 0.2705693368974041
179 1790 2.403234765320948e-06 0.26474550624620796 0.14301739473366312 0.14301739473366312 0.16210899588432928 0.17814831641014456 0.18318229559015103 0.19980315358267636 0.21326542486057418 0.2258133901891657 0.24611266745429805 0.26095995254064797 0.26474550624620796
180 1800 2.2346109125922026e-06 0.26478736796315533 0.1451805631382005 0.1451805631382005 0.16086143990803375 0.17876048218968546 0.18137176809348457 0.19094520245406846 0.21153837168096915 0.2207992102429679 0.24290569058806177 0.2608009552160418 0.26478736796315533
181 1810 2.0731890153768695e-06 0.2617927687184699 0.14517153077125702 0.14517153077125702 0.16104533353913056 0.1724633861887069 0.18020154232136618 0.18854146898128918 0.20804660687685686 0.21528115296277076 0.2430058230954909 0.25933961982509657 0.2617927687184699
182 1820 1.9952704326589337e-06 0.2594177501462766 0.1429041321037861 0.1429041321037861 0.15874462787007199 0.1694862765148992 0.17871575853331595 0.18786295010113024 0.20749741393974935 0.21323331062901132 0.24047866596445452 0.25544156663224016 0.2594177501462766
183 1830 1.979478486575753e-06 0.2527546912458419 0.14204963125159897 0.14204963125159897 0.15132456995821483 0.17256051859651073 0.17923799521118286 0.18838347109442496 0.20576901643496345 0.21327123990706384 0.23805767497692587 0.2515582400147352 0.2527546912458419
184 1840 1.8601073520003945e-06 0.25437769601467525 0.1425540445304449 0.1425540445304449 0.15220180626582683 0.16983750296786643 0.1819688204796241 0.1891446545882932 0.2007081803003343 0.2113247481360229 0.23017225361520005 0.2523709059649434 0.25437769601467525
185 1850 1.698095616285431e-06 0.2569880382357305 0.14006620067351475 0.14006620067351475 0.1506508434983254 0.17049160438213712 0.18187424852589554 0.1902259678353336 0.19973600936313995 0.205071699300828 0.22527540422361017 0.24766721432968838 0.2569880382357305
186 1860 1.5408161599121124e-06 0.2509498336464973 0.1392804313705339 0.1392804313705339 0.14972980417360557 0.17330582885971235 0.18104939888671356 0.1868510296132611 0.19372099610717708 0.20594823375000368 0.22156697114710389 0.24636902605645497 0.2509498336464973
187 1870 1.447950811395789e-06 0.24559767863532392 0.13775623848939 0.13775623848939 0.1473600057073403 0.1719955350536546 0.17992375786915696 0.18532354289691588 0.19082589869910432 0.20401944268892436 0.22422166908950372 0.2453380205327725 0.24559767863532392
188 1880 1.3565389579688715e-06 0.2453830153639328 0.1387763947270288 0.1387763947270288 0.14580170833764433 0.16796751703340568 0.18156652293283082 0.18439330633146225 0.1889939918878207 0.20273322785754502 0.22035082300682574 0.23889110265273733 0.2453830153639328
189 1890 1.1887316037886382e-06 0.24935475749747554 0.1380131980013628 0.1380131980013628 0.14393534868626845 0.16642637270088223 0.17812366703671292 0.18274177274061396 0.1898296296961884 0.20365325395215866 0.21714620537128873 0.22813420982212684 0.24935475749747554
190 1900 1.0980665290106116e-06 0.24562346336261084 0.1379763586578228 0.1379763586578228 0.142292493277594 0.16649415053761082 0.17413239161838623 0.1778124922207831 0.1838604340013561 0.19801746719343274 0.21572823091391605 0.22787411958649958 0.24562346336261084
191 1910 1.0709012033728173e-06 0.2450454821310686 0.13872556195731287 0.13872556195731287 0.14209836914957438 0.16338950289158433 0.17053240335879016 0.17932985601694024 0.18287725807389388 0.194319131719953 0.20621802004697468 0.2240771360216907 0.2450454821310686
192 1920 1.0946118579489253e-06 0.2410122182980776 0.1382355257187241 0.1382355257187241 0.14750990038927345 0.16031287088273513 0.16902842202083396 0.1753577695750481 0.18729249486462746 0.1920611757047307 0.20837676953684894 0.2179757151263702 0.2410122182980776
193 1930 1.1419611257455838e-06 0.24270478732210915 0.13661123403617975 0.13661123403617975 0.14895839830896707 0.15940215032078436 0.16739352543268896 0.17581765582300896 0.1841136924611273 0.18884269318348165 0.208489566664537 0.2226815347063654 0.24270478732210915
194 1940 1.0948994952249898e-06 0.24310073751388592 0.13416360982702372 0.13416360982702372 0.1458252494623169 0.15930394026935976 0.17200403065304448 0.1783857491969628 0.1798510110398224 0.18926517202377338 0.20754535901942345 0.21562144075440795 0.24310073751388592
195 1950 1.0258505830685322e-06 0.2414097050553903 0.13100021087611088 0.13100021087611088 0.14643473180636427 0.1550987751187183 0.17250205096299034 0.17632775781758722 0.17943572441221742 0.18538197589370678 0.20379402464073426 0.21387109325264228 0.2414097050553903
196 1960 9.691215197025291e-07 0.238833200892174 0.12958784470364135 0.12958784470364135 0.14656105605712383 0.15390694489810022 0.16886447374787208 0.17065917771842534 0.17876672829457113 0.18251839794991112 0.20455308600116312 0.21053474897197808 0.238833200892174
197 1970 8.889623994880902e-07 0.2394076756475355 0.13275317277840293 0.13275317277840293 0.14420504257136146 0.15501261879774766 0.16667889018002996 0.1687343713790429 0.17036843616604921 0.1831665207400607 0.2008966202174243 0.211557283694984 0.2394076756475355
198 1980 8.684000852552744e-07 0.230506592255632 0.1305900471534947 0.1305900471534947 0.14486104901035904 0.15288024984534082 0.16157473320038637 0.167723112523291 0.17061923708371693 0.18333212011847644 0.1963172888768892 0.21266822439390998 0.230506592255632
199 1990 8.008057333648227e-07 0.23081837435599944 0.12602930526492054 0.12602930526492054 0.14450302395338152 0.15655618485036593 0.1595331958501797 0.16222609591648224 0.16608374494178846 0.18449246915406398 0.19808786451129196 0.21589323543905747 0.23081837435599944
200 2000 7.003740729484528e-07 0.23292671318178929 0.12694163842026676 0.12694163842026676 0.137027372562633 0.15277946858364766 0.1586342180950727 0.1623670382837531 0.16450505749275657 0.1821842904851977 0.1936610130372601 0.21393856487693097 0.23292671318178929
201 2010 6.182885528452468e-07 0.23479687818784592 0.1276456656386403 0.1276456656386403 0.13812733131628624 0.15225338543068828 0.15678485158515537 0.16104843345905098 0.16403121055964243 0.16825852389989548 0.19457140868304307 0.211242827606465 0.23479687818784592
202 2020 5.504875946162132e-07 0.23396815532113313 0.12422153622385011 0.12422153622385011 0.133090299432613 0.15217984769476137 0.152471270630105 0.16015131415645903 0.16277857309396393 0.16992750150938718 0.19529799709300497 0.2072754132416639 0.23396815532113313
203 2030 5.333508197276098e-07 0.23288523791093768 0.12045049632379445 0.12045049632379445 0.13351633720996534 0.1483981287928825 0.1528935118865641 0.1570794047716407 0.16303619028812188 0.16640129684167243 0.1910499627316042 0.20454885434128947 0.23288523791093768
204 2040 5.070158055764163e-07 0.2300529017038808 0.12150508296753772 0.12150508296753772 0.1302244663098638 0.14254364486890744 0.1522770254566774 0.15374308321199603 0.1615789339232801 0.16997041689148581 0.19009212913658818 0.20261698762306224 0.2300529017038808
205 2050 4.6395820621642897e-07 0.22417415933193904 0.11976534974182215 0.11976534974182215 0.12888812927506813 0.14186485448804864 0.15116399565614114 0.15375804398155052 0.15933815597769876 0.17176216854750942 0.18813010106402225 0.20046830758297862 0.22417415933193904
206 2060 4.1212628878599857e-07 0.22039581603841088 0.11534469519183084 0.11534469519183084 0.12602240309193027 0.1414223862489392 0.14691844113865943 0.15113596418045935 0.16106145839456065 0.17256612493443396 0.18715388090240836 0.19800671579403303 0.22039581603841088
207 2070 3.900254464447901e-07 0.2165637530533536 0.1127511568352936 0.1127511568352936 0.12484173381620163 0.14103269902851628 0.14641281891105754 0.15140901780550906 0.15994687407421693 0.16975508878918197 0.17862276875697922 0.1983454380634832 0.2165637530533536
208 2080 3.8930483992989247e-07 0.21411911119072696 0.11044510521418216 0.11044510521418216 0.12142458194313027 0.13748285619820624 0.14413174597399248 0.15543526834662855 0.161692024293971 0.16968846807744672 0.17719508853859559 0.1922510729949076 0.21411911119072696
209 2090 3.544410521972273e-07 0.2178389384072078 0.11147232092089523 0.11147232092089523 0.11964184389191819 0.1338226229786263 0.15027485357172704 0.155886542276213 0.15910685377136202 0.16489307530593003 0.1764306341255039 0.18837490826637193 0.2178389384072078
210 2100 3.2553423363393124e-07 0.21752293151628144 0.11179545104347605 0.11179545104347605 0.11751180912370329 0.13074863953282137 0.1470549413459746 0.15076808268110503 0.1582185715313075 0.16243858252291285 0.17727207891598035 0.1912734555532443 0.21752293151628144
211 2110 3.016266487328893e-07 0.21513201307852203 0.11127326274930038 0.11127326274930038 0.11784640062119119 0.12634904812937453 0.1452296203949851 0.1514141614284956 0.15551723078914084 0.16306125146925718 0.17543682212218564 0.18858118915281438 0.21513201307852203
212 2120 2.681780885824011e-07 0.2176420261709394 0.10910793556399362 0.10910793556399362 0.11499723013713685 0.12360400662256098 0.14498179099490405 0.14960537787307945 0.15725297851149597 0.1619704121329561 0.1768445138861354 0.18649332411808595 0.2176420261709394
213 2130 2.501004177195642e-07 0.21774382641984932 0.10678022296833375 0.10678022296833375 0.11229014227398407 0.12145606549652631 0.14134898562793688 0.14818103819379552 0.15331939113499274 0.1618738901764195 0.1754833389384369 0.18547828645057976 0.21774382641984932
214 2140 2.2870215150435944e-07 0.2162134730576403 0.10602763445456811 0.10602763445456811 0.11128493541922072 0.12007469080899649 0.1371447089184046 0.1449599357173328 0.15335553793286236 0.16216853845624898 0.17313063284985042 0.1869215585041836 0.2162134730576403
215 2150 1.9467559306340393e-07 0.21825262684293026 0.10656756973886067 0.10656756973886067 0.10882517924793124 0.11897359161474388 0.13654642704023678 0.1442301438900441 0.15044673856699703 0.15886377924331685 0.17237995119504015 0.18386015488057272 0.21825262684293026
216 2160 1.718917132542568e-07 0.21583694585586086 0.10587667560389713 0.10587667560389713 0.10744433302553832 0.11714531937174015 0.13070708328732017 0.14277970950695365 0.14850116906695984 0.15522697173700042 0.1708074388108677 0.1823200328696154 0.21583694585586086
217 2170 1.5063793429890803e-07 0.206478997201656 0.10361832207521689 0.10361832207521689 0.10961599756539075 0.11729017731700743 0.12772749290035526 0.1420043284439033 0.14783500017349696 0.15390991471710877 0.1672482859525735 0.18033658130048605 0.206478997201656
218 2180 1.397792776773262e-07 0.2025810305179262 0.10149795805325633 0.10149795805325633 0.10926322731871839 0.11748710113331545 0.12786637609391416 0.14087437992429516 0.14305271593313104 0.14942181198349533 0.1655647471451898 0.1753064700663956 0.2025810305179262
219 2190 1.3820654191458636e-07 0.19581316482907782 0.10169791778546283 0.10169791778546283 0.10825606001414785 0.11760581230077025 0.12798754097864445 0.13725631524129184 0.141651884077009 0.14623629602814237 0.16646459203009134 0.17204950211420902 0.19581316482907782
220 2200 1.2578350319504176e-07 0.19054429904329076 0.10207622599991138 0.10207622599991138 0.10615269510164069 0.11674613613718947 0.12634343068575468 0.13518310679270473 0.1429352734855587 0.14433162679640105 0.1658558119972912 0.1764556891625441 0.19054429904329076
221 2210 1.2540974479314154e-07 0.1903916669321995 0.1006200022069011 0.1006200022069011 0.10468069382261778 0.1161134034738517 0.12331703190647739 0.13539345448679246 0.14061808704245754 0.14376409572925009 0.16581613077847662 0.17222727760861456 0.1903916669321995
222 2220 1.1427747067488555e-07 0.18557019842394676 0.10159895467100481 0.10159895467100481 0.10370186154691617 0.11688693582770311 0.12316729197683639 0.13565510069022751 0.1396933690373142 0.14259933806471228 0.16128621081987532 0.1729667912709414 0.18557019842394676
223 2230 1.0623715179480567e-07 0.18522361353041777 0.10194821097956093 0.10194821097956093 0.10238442994863865 0.1159069261105997 0.12137462559956098 0.13280753625463373 0.135801448898249 0.14227586575460308 0.1607966411082161 0.17216957063442656 0.18522361353041777
224 2240 1.0414688230854081e-07 0.18556358635381662 0.10145396332837257 0.10145396332837257 0.1031891980418831 0.11423129727750544 0.11809570948310169 0.13146754803863245 0.13281287250651017 0.13969801193823084 0.1585500052042118 0.17222269155917325 0.18556358635381662
225 2250 9.87960094789948e-08 0.1842814500266463 0.10079347182251722 0.10079347182251722 0.10411492613039196 0.1153176173740878 0.11568347374167408 0.12960810220700628 0.13290644311963384 0.13694507210713386 0.1582280990941353 0.1719715007585939 0.1842814500266463
226 2260 9.630051156933684e-08 0.18391579467865238 0.1014064000476024 0.1014064000476024 0.10429972905237107 0.11415393710175632 0.11528684828341285 0.12476994305035399 0.13302436656142158 0.1354958480488593 0.15507381389146635 0.16789715957848672 0.18391579467865238
227 2270 9.61679396709795e-08 0.1810995736674283 0.10093927333516171 0.10093927333516171 0.10317371102695547 0.11516689225277944 0.1209292954271093 0.12248043235465125 0.12985929371312896 0.13253748002793558 0.1517085754140598 0.1664544860256119 0.1810995736674283
228 2280 9.686899969654135e-08 0.17967320238162027 0.09805718631408174 0.09805718631408174 0.10038380073154533 0.11647608797496424 0.12071577024281965 0.12585568611850262 0.12846132554795567 0.13059884368097446 0.15033201776536792 0.16498923470378143 0.17967320238162027
229 2290 9.269379572881597e-08 0.17863087404320682 0.09760876263978874 0.09760876263978874 0.10047848927168959 0.1158728297436783 0.11936374825018894 0.1253267059609359 0.129516948545531 0.13124469288112572 0.14586253789306877 0.16272926103626964 0.17863087404320682
230 2300 8.270084079858983e-08 0.17561915535208647 0.09582065821961361 0.09582065821961361 0.09993907144796373 0.11163383385770087 0.11949685975741671 0.12026943421397762 0.12892806349755295 0.131300164226603 0.15106244269245755 0.1610769834473807 0.17561915535208647
231 2310 7.160284092343176e-08 0.1720216313442689 0.09636316898832464 0.09636316898832464 0.10051597062028939 0.11039875741383667 0.11698703766762926 0.11960730257998506 0.12655441898413797 0.13051056219099894 0.1457186892777773 0.16241909101984253 0.1720216313442689
232 2320 6.501592128943126e-08 0.16962924827307063 0.09329370668950311 0.09329370668950311 0.10146990628615182 0.10815099372005198 0.11344292317876054 0.117365326600143 0.12683113928312612 0.13017125068150426 0.14422172411818246 0.1604184985076508 0.16962924827307063
233 2330 6.68292182188473e-08 0.1702582688762101 0.09171296902192069 0.09171296902192069 0.10077983292942673 0.10854431037182835 0.1121460699531791 0.11540170497099278 0.12626705135524663 0.12987779845167116 0.14478497262292164 0.15446444304605683 0.1702582688762101
234 2340 6.577539796110121e-08 0.16983850240499893 0.09108077365948042 0.09108077365948042 0.09611919928315717 0.10553580268887212 0.11332441300243636 0.1174424108976757 0.12463709759423215 0.13270042946520777 0.1457956794477748 0.15555354479691538 0.16983850240499893
235 2350 6.196033315498741e-08 0.16913219683238812 0.08995833111412897 0.08995833111412897 0.09453693670742953 0.1035364827571055 0.11219486634792922 0.11640684723303157 0.12413874970097628 0.13291334532766216 0.1458323824477054 0.15684725086587312 0.16913219683238812
236 2360 5.2616632616482334e-08 0.16695301814559715 0.08862519270401381 0.08862519270401381 0.09556793672052447 0.1030277148086463 0.10898949723957911 0.11534744623386059 0.12337473585261313 0.13324554957013263 0.14875612706642885 0.15475054162672913 0.16695301814559715
237 2370 4.673214368462387e-08 0.16634904635973044 0.08768604091413491 0.08768604091413491 0.09550672924850345 0.10457176718994893 0.10527678915699328 0.11548796156128391 0.11777237872704491 0.1310361088851596 0.1441141549991812 0.1560745279262408 0.16634904635973044
238 2380 4.52603492058544e-08 0.16690561423062242 0.08556990856571127 0.08556990856571127 0.09513437313693453 0.1012855966323029 0.10503273959792983 0.11349272786164098 0.11593316749698418 0.13113667157974673 0.14128330954753826 0.15472213072201957 0.16690561423062242
239 2390 4.40791543544327e-08 0.16177722088393204 0.08357371640918597 0.08357371640918597 0.09320073141497696 0.10055396238915897 0.10438882165782411 0.11240013596155239 0.11848796151802463 0.13129023162293657 0.1393360555509706 0.15340360352412633 0.16177722088393204
240 2400 4.2060642913225767e-08 0.16041037047868867 0.08209898407108332 0.08209898407108332 0.09425823676202408 0.10219344229388819 0.10411925367004153 0.1104500553955202 0.1187547395662339 0.13027168920419566 0.13601987139005817 0.15324790451445236 0.16041037047868867
241 2410 3.781581279715497e-08 0.15730695479749143 0.08146979723822334 0.08146979723822334 0.09223318468714821 0.1035301950797851 0.1048054955496027 0.1097880912874593 0.11815522460790731 0.12975880486566793 0.133269862298523 0.15120380241604084 0.15730695479749143
242 2420 3.679423119230101e-08 0.15612701923513242 0.08163396830588912 0.08163396830588912 0.09095796562050562 0.10090003005844916 0.10425753005557917 0.10887953567168739 0.1185713056648149 0.12966338362117752 0.13316822698738212 0.14352992049109298 0.15612701923513242
243 2430 3.384217492327391e-08 0.15180382256423064 0.08310654007745007 0.08310654007745007 0.08942158710779691 0.10087797905527157 0.1056888261280339 0.10666833520310924 0.12043700219479472 0.12781922559012018 0.13310598959670059 0.1423948014399349 0.15180382256423064
244 2440 2.9701534886528513e-08 0.1528381522093014 0.08209878450250391 0.08209878450250391 0.08984768624308861 0.09971273709742735 0.10325452208141774 0.10405599619920963 0.12027613605402039 0.1266531176649791 0.13137704392038382 0.13943126852283697 0.1528381522093014
244 2440 2.9701534886528513e-08 0.1528381522093014 0.08209878450250391 0.08209878450250391 0.08984768624308861 0.09971273709742735 0.10325452208141774 0.10405599619920963 0.12027613605402039 0.1266531176649791 0.13137704392038382 0.13943126852283697 0.1528381522093014
