% # columns="iteration, evaluation, min 25%tile 75%tile max correlation, correlation matrix principal axes lengths  (sorted square roots of eigenvalues of correlation matrix)", seed=130878, Wed Feb 25 14:00:57 2026
1 10 -0.05567822194973614 -0.024054239479822236 0.014824901371893923 0.04674933349395606 0.9164575121508036 0.9563744823510935 0.9761611315408469 0.9877847892441669 0.999712118273872 1.0041119751889664 1.0147568866024155 1.0311122809276787 1.0354399135289325 1.0696350152643457
2 20 -0.09555751692439737 -0.03098977967599712 0.018092334675637155 0.06438793375724108 0.9164575121508036 0.9563744823510935 0.9761611315408469 0.9877847892441669 0.999712118273872 1.0041119751889664 1.0147568866024155 1.0311122809276787 1.0354399135289325 1.0696350152643457
3 30 -0.09090902211033056 -0.04081021292542075 0.03082212373776198 0.09092506390312724 0.9164575121508036 0.9563744823510935 0.9761611315408469 0.9877847892441669 0.999712118273872 1.0041119751889664 1.0147568866024155 1.0311122809276787 1.0354399135289325 1.0696350152643457
4 40 -0.1469650339670301 -0.05297047092489085 0.03629931907109385 0.1267816284266482 0.9164575121508036 0.9563744823510935 0.9761611315408469 0.9877847892441669 0.999712118273872 1.0041119751889664 1.0147568866024155 1.0311122809276787 1.0354399135289325 1.0696350152643457
5 50 -0.13029276382889377 -0.06167778021957496 0.03268619468739846 0.12321740782000454 0.9164575121508036 0.9563744823510935 0.9761611315408469 0.9877847892441669 0.999712118273872 1.0041119751889664 1.0147568866024155 1.0311122809276787 1.0354399135289325 1.0696350152643457
6 60 -0.16331950791894895 -0.06228759820185989 0.04531020437449992 0.1601994156626691 0.9164575121508036 0.9563744823510935 0.9761611315408469 0.9877847892441669 0.999712118273872 1.0041119751889664 1.0147568866024155 1.0311122809276787 1.0354399135289325 1.0696350152643457
7 70 -0.14758773828421776 -0.07218692510675573 0.04762174681162032 0.17473413426210185 0.9164575121508036 0.9563744823510935 0.9761611315408469 0.9877847892441669 0.999712118273872 1.0041119751889664 1.0147568866024155 1.0311122809276787 1.0354399135289325 1.0696350152643457
8 80 -0.18474909480318075 -0.07108693809240649 0.05951909314608399 0.18393906570978893 0.9164575121508036 0.9563744823510935 0.9761611315408469 0.9877847892441669 0.999712118273872 1.0041119751889664 1.0147568866024155 1.0311122809276787 1.0354399135289325 1.0696350152643457
9 90 -0.20508359045355792 -0.07297889095872657 0.06061443773841694 0.18607067873995087 0.9164575121508036 0.9563744823510935 0.9761611315408469 0.9877847892441669 0.999712118273872 1.0041119751889664 1.0147568866024155 1.0311122809276787 1.0354399135289325 1.0696350152643457
10 100 -0.2498466923132255 -0.06776072810532568 0.04758728570508512 0.19293726522734675 0.9164575121508036 0.9563744823510935 0.9761611315408469 0.9877847892441669 0.999712118273872 1.0041119751889664 1.0147568866024155 1.0311122809276787 1.0354399135289325 1.0696350152643457
11 110 -0.24999825339101486 -0.07506620492897667 0.03678209152560384 0.2356823475346595 0.7436677898219965 0.8141800288842532 0.8365432157518331 0.9584660865577103 0.9796837051652751 0.9830251442965008 1.050582264717483 1.0915975794468364 1.165749473778468 1.2590506366116632
12 120 -0.24638081798175873 -0.07987574003914606 0.050524080405714766 0.22149675196450297 0.7436677898219965 0.8141800288842532 0.8365432157518331 0.9584660865577103 0.9796837051652751 0.9830251442965008 1.050582264717483 1.0915975794468364 1.165749473778468 1.2590506366116632
13 130 -0.24005049206047577 -0.06581490820393607 0.043044801406049736 0.22645048212864416 0.7436677898219965 0.8141800288842532 0.8365432157518331 0.9584660865577103 0.9796837051652751 0.9830251442965008 1.050582264717483 1.0915975794468364 1.165749473778468 1.2590506366116632
14 140 -0.22872658384351596 -0.06831761063744371 0.050046793444585715 0.22966797942004621 0.7436677898219965 0.8141800288842532 0.8365432157518331 0.9584660865577103 0.9796837051652751 0.9830251442965008 1.050582264717483 1.0915975794468364 1.165749473778468 1.2590506366116632
15 150 -0.25081752920606865 -0.07785676787766528 0.0531869178947711 0.2344884456819461 0.7436677898219965 0.8141800288842532 0.8365432157518331 0.9584660865577103 0.9796837051652751 0.9830251442965008 1.050582264717483 1.0915975794468364 1.165749473778468 1.2590506366116632
16 160 -0.24424417948220029 -0.07737465137954112 0.06152896126731612 0.2053171196893596 0.7436677898219965 0.8141800288842532 0.8365432157518331 0.9584660865577103 0.9796837051652751 0.9830251442965008 1.050582264717483 1.0915975794468364 1.165749473778468 1.2590506366116632
17 170 -0.259204806469337 -0.0779669781559015 0.06654494250547147 0.2131626211523134 0.7436677898219965 0.8141800288842532 0.8365432157518331 0.9584660865577103 0.9796837051652751 0.9830251442965008 1.050582264717483 1.0915975794468364 1.165749473778468 1.2590506366116632
18 180 -0.22871761077741162 -0.08737687025524685 0.08310484213016764 0.2197216932502637 0.7436677898219965 0.8141800288842532 0.8365432157518331 0.9584660865577103 0.9796837051652751 0.9830251442965008 1.050582264717483 1.0915975794468364 1.165749473778468 1.2590506366116632
19 190 -0.23362212942395774 -0.09213911511713568 0.09064962883340302 0.24538239962894054 0.7436677898219965 0.8141800288842532 0.8365432157518331 0.9584660865577103 0.9796837051652751 0.9830251442965008 1.050582264717483 1.0915975794468364 1.165749473778468 1.2590506366116632
20 200 -0.2553951223169038 -0.09803330856437564 0.06740153636874449 0.2429590111434138 0.7436677898219965 0.8141800288842532 0.8365432157518331 0.9584660865577103 0.9796837051652751 0.9830251442965008 1.050582264717483 1.0915975794468364 1.165749473778468 1.2590506366116632
21 210 -0.2671113216076272 -0.09314825765144213 0.0712986330833828 0.23265454127547464 0.6949738578584194 0.8008872886080957 0.814306865306739 0.8946615733175768 0.9524393796591194 0.9961897210947452 1.1233785754636405 1.16393659314594 1.1695475170880145 1.2361116221606696
22 220 -0.3007185182810264 -0.08278216186432277 0.07113081763790642 0.24376466306884165 0.6949738578584194 0.8008872886080957 0.814306865306739 0.8946615733175768 0.9524393796591194 0.9961897210947452 1.1233785754636405 1.16393659314594 1.1695475170880145 1.2361116221606696
23 230 -0.29378302831738357 -0.10330961544868407 0.07651454855644038 0.226380743166791 0.6949738578584194 0.8008872886080957 0.814306865306739 0.8946615733175768 0.9524393796591194 0.9961897210947452 1.1233785754636405 1.16393659314594 1.1695475170880145 1.2361116221606696
24 240 -0.2980792962730629 -0.10604537072160813 0.055915917872850704 0.26348020953362433 0.6949738578584194 0.8008872886080957 0.814306865306739 0.8946615733175768 0.9524393796591194 0.9961897210947452 1.1233785754636405 1.16393659314594 1.1695475170880145 1.2361116221606696
25 250 -0.28777816053632344 -0.11403876345441202 0.05781353858797046 0.2749659075225924 0.6949738578584194 0.8008872886080957 0.814306865306739 0.8946615733175768 0.9524393796591194 0.9961897210947452 1.1233785754636405 1.16393659314594 1.1695475170880145 1.2361116221606696
26 260 -0.27590557175975583 -0.10884015977994929 0.04827623607334308 0.2835429273076974 0.6949738578584194 0.8008872886080957 0.814306865306739 0.8946615733175768 0.9524393796591194 0.9961897210947452 1.1233785754636405 1.16393659314594 1.1695475170880145 1.2361116221606696
27 270 -0.27413597073345375 -0.13118252335818306 0.052725094953884395 0.28272714186063524 0.6949738578584194 0.8008872886080957 0.814306865306739 0.8946615733175768 0.9524393796591194 0.9961897210947452 1.1233785754636405 1.16393659314594 1.1695475170880145 1.2361116221606696
28 280 -0.26558863252983633 -0.12693149138566345 0.04231534560213389 0.24195899768434428 0.6949738578584194 0.8008872886080957 0.814306865306739 0.8946615733175768 0.9524393796591194 0.9961897210947452 1.1233785754636405 1.16393659314594 1.1695475170880145 1.2361116221606696
29 290 -0.254017878784168 -0.11743550235438541 0.050572475330390776 0.2576541653386052 0.6949738578584194 0.8008872886080957 0.814306865306739 0.8946615733175768 0.9524393796591194 0.9961897210947452 1.1233785754636405 1.16393659314594 1.1695475170880145 1.2361116221606696
30 300 -0.25987432051565873 -0.11961278117154212 0.03496098991892856 0.28067942723605005 0.6949738578584194 0.8008872886080957 0.814306865306739 0.8946615733175768 0.9524393796591194 0.9961897210947452 1.1233785754636405 1.16393659314594 1.1695475170880145 1.2361116221606696
31 310 -0.2626075454869172 -0.12198641780857872 0.0451189990083073 0.30638680705234345 0.707978240707913 0.7832762373821014 0.8361641041351896 0.8851331501862613 0.9269036705020757 0.9474872208116709 1.0733828162150882 1.1102244353997612 1.224318253120756 1.3274138179230128
32 320 -0.251986921804987 -0.10748843059685187 0.03953201071207117 0.3120489478234951 0.707978240707913 0.7832762373821014 0.8361641041351896 0.8851331501862613 0.9269036705020757 0.9474872208116709 1.0733828162150882 1.1102244353997612 1.224318253120756 1.3274138179230128
33 330 -0.2689168225756425 -0.115631881167087 0.03885387146814435 0.3047474785926592 0.707978240707913 0.7832762373821014 0.8361641041351896 0.8851331501862613 0.9269036705020757 0.9474872208116709 1.0733828162150882 1.1102244353997612 1.224318253120756 1.3274138179230128
34 340 -0.25030989542993887 -0.10969770139348012 0.05011802235522128 0.267397335033906 0.707978240707913 0.7832762373821014 0.8361641041351896 0.8851331501862613 0.9269036705020757 0.9474872208116709 1.0733828162150882 1.1102244353997612 1.224318253120756 1.3274138179230128
35 350 -0.2528259831226183 -0.10442737623480373 0.05192397767536021 0.2714352553370891 0.707978240707913 0.7832762373821014 0.8361641041351896 0.8851331501862613 0.9269036705020757 0.9474872208116709 1.0733828162150882 1.1102244353997612 1.224318253120756 1.3274138179230128
36 360 -0.23944643265352486 -0.11033628647985465 0.05866046973043751 0.26395891569311297 0.707978240707913 0.7832762373821014 0.8361641041351896 0.8851331501862613 0.9269036705020757 0.9474872208116709 1.0733828162150882 1.1102244353997612 1.224318253120756 1.3274138179230128
37 370 -0.24749115232785757 -0.09834723907072153 0.056285620952954876 0.24485321738888377 0.707978240707913 0.7832762373821014 0.8361641041351896 0.8851331501862613 0.9269036705020757 0.9474872208116709 1.0733828162150882 1.1102244353997612 1.224318253120756 1.3274138179230128
38 380 -0.25738254906832675 -0.08944123487122675 0.0434299958985271 0.2466877803992708 0.707978240707913 0.7832762373821014 0.8361641041351896 0.8851331501862613 0.9269036705020757 0.9474872208116709 1.0733828162150882 1.1102244353997612 1.224318253120756 1.3274138179230128
39 390 -0.27214191045977026 -0.08971937906495904 0.027574162493857492 0.23840923905127687 0.707978240707913 0.7832762373821014 0.8361641041351896 0.8851331501862613 0.9269036705020757 0.9474872208116709 1.0733828162150882 1.1102244353997612 1.224318253120756 1.3274138179230128
40 400 -0.25745974606740263 -0.08498802579653744 0.05360783420276998 0.24460487303304126 0.707978240707913 0.7832762373821014 0.8361641041351896 0.8851331501862613 0.9269036705020757 0.9474872208116709 1.0733828162150882 1.1102244353997612 1.224318253120756 1.3274138179230128
41 410 -0.2687980673717725 -0.08443824400003692 0.06545134914701238 0.24871355123658542 0.7217427999157043 0.7662800617956111 0.8628491505956646 0.9267845644150703 0.9461397572833066 0.9866248508134957 0.9939009473986808 1.097584670824054 1.2496566327942207 1.290613022107426
42 420 -0.2792833510260931 -0.08645526657084548 0.06708318969030284 0.22820475393203768 0.7217427999157043 0.7662800617956111 0.8628491505956646 0.9267845644150703 0.9461397572833066 0.9866248508134957 0.9939009473986808 1.097584670824054 1.2496566327942207 1.290613022107426
43 430 -0.29535251229092707 -0.0900662781199138 0.049903319172811024 0.2253918388116156 0.7217427999157043 0.7662800617956111 0.8628491505956646 0.9267845644150703 0.9461397572833066 0.9866248508134957 0.9939009473986808 1.097584670824054 1.2496566327942207 1.290613022107426
44 440 -0.28300058516131005 -0.10703471728735797 0.07126100165541896 0.23832332823090624 0.7217427999157043 0.7662800617956111 0.8628491505956646 0.9267845644150703 0.9461397572833066 0.9866248508134957 0.9939009473986808 1.097584670824054 1.2496566327942207 1.290613022107426
45 450 -0.2685391511561597 -0.08148201623770993 0.07520723096023338 0.20099171269984237 0.7217427999157043 0.7662800617956111 0.8628491505956646 0.9267845644150703 0.9461397572833066 0.9866248508134957 0.9939009473986808 1.097584670824054 1.2496566327942207 1.290613022107426
46 460 -0.27198807496941385 -0.07329777264024029 0.06477271034338969 0.2004406042367785 0.7217427999157043 0.7662800617956111 0.8628491505956646 0.9267845644150703 0.9461397572833066 0.9866248508134957 0.9939009473986808 1.097584670824054 1.2496566327942207 1.290613022107426
47 470 -0.28975468254808523 -0.0777762678729472 0.08737174013598106 0.20250662913000203 0.7217427999157043 0.7662800617956111 0.8628491505956646 0.9267845644150703 0.9461397572833066 0.9866248508134957 0.9939009473986808 1.097584670824054 1.2496566327942207 1.290613022107426
48 480 -0.29376092239875606 -0.08174591487429331 0.10979360330933155 0.21874817003755742 0.7217427999157043 0.7662800617956111 0.8628491505956646 0.9267845644150703 0.9461397572833066 0.9866248508134957 0.9939009473986808 1.097584670824054 1.2496566327942207 1.290613022107426
49 490 -0.2865958387379302 -0.08711451687101533 0.0867052559954047 0.2310053466090471 0.7217427999157043 0.7662800617956111 0.8628491505956646 0.9267845644150703 0.9461397572833066 0.9866248508134957 0.9939009473986808 1.097584670824054 1.2496566327942207 1.290613022107426
50 500 -0.284356906479194 -0.10060227444759832 0.08687518001058936 0.19647622353162666 0.7217427999157043 0.7662800617956111 0.8628491505956646 0.9267845644150703 0.9461397572833066 0.9866248508134957 0.9939009473986808 1.097584670824054 1.2496566327942207 1.290613022107426
51 510 -0.2780283914456532 -0.07367237854512824 0.08414483234417758 0.21743787910240636 0.7275489968814949 0.8174322595268634 0.8435899305044782 0.9049827585419318 0.9332413931174571 0.984959763295087 1.0376378778632762 1.1045861805172672 1.2140432852327845 1.2884292245954205
52 520 -0.23573352975242506 -0.09336984574194282 0.07998125318514997 0.2713933305066029 0.7275489968814949 0.8174322595268634 0.8435899305044782 0.9049827585419318 0.9332413931174571 0.984959763295087 1.0376378778632762 1.1045861805172672 1.2140432852327845 1.2884292245954205
53 530 -0.22686596162426875 -0.08437998246348322 0.07473410843388167 0.2706233830705613 0.7275489968814949 0.8174322595268634 0.8435899305044782 0.9049827585419318 0.9332413931174571 0.984959763295087 1.0376378778632762 1.1045861805172672 1.2140432852327845 1.2884292245954205
54 540 -0.19539525653584272 -0.09879314633080467 0.07220648790492246 0.2830474708553331 0.7275489968814949 0.8174322595268634 0.8435899305044782 0.9049827585419318 0.9332413931174571 0.984959763295087 1.0376378778632762 1.1045861805172672 1.2140432852327845 1.2884292245954205
55 550 -0.19913811000060375 -0.09609880527793078 0.07675920007189345 0.2811984079983423 0.7275489968814949 0.8174322595268634 0.8435899305044782 0.9049827585419318 0.9332413931174571 0.984959763295087 1.0376378778632762 1.1045861805172672 1.2140432852327845 1.2884292245954205
56 560 -0.2086687847250043 -0.09470335320955546 0.09771685145725087 0.28639342116925653 0.7275489968814949 0.8174322595268634 0.8435899305044782 0.9049827585419318 0.9332413931174571 0.984959763295087 1.0376378778632762 1.1045861805172672 1.2140432852327845 1.2884292245954205
57 570 -0.2334322817754356 -0.08032771787700185 0.09664048124371066 0.27300703745670135 0.7275489968814949 0.8174322595268634 0.8435899305044782 0.9049827585419318 0.9332413931174571 0.984959763295087 1.0376378778632762 1.1045861805172672 1.2140432852327845 1.2884292245954205
58 580 -0.21870964752055314 -0.08544436126980412 0.0836526057948076 0.27041579565457563 0.7275489968814949 0.8174322595268634 0.8435899305044782 0.9049827585419318 0.9332413931174571 0.984959763295087 1.0376378778632762 1.1045861805172672 1.2140432852327845 1.2884292245954205
59 590 -0.22050081688976123 -0.08755093625599633 0.09185531371913336 0.28656475534638803 0.7275489968814949 0.8174322595268634 0.8435899305044782 0.9049827585419318 0.9332413931174571 0.984959763295087 1.0376378778632762 1.1045861805172672 1.2140432852327845 1.2884292245954205
60 600 -0.21454766025198607 -0.06891596557530087 0.10346905946363125 0.26994785036745855 0.7275489968814949 0.8174322595268634 0.8435899305044782 0.9049827585419318 0.9332413931174571 0.984959763295087 1.0376378778632762 1.1045861805172672 1.2140432852327845 1.2884292245954205
61 610 -0.1945531832057818 -0.06691881581587503 0.07113984880496255 0.2645578354806694 0.7091038751558073 0.8069278785662856 0.8667994667014091 0.9024940505910405 0.9474141297195562 0.9847455126802191 1.1017919037214983 1.1429943179158373 1.1835900570338336 1.2213182121240478
62 620 -0.18870889472876912 -0.06893994544217022 0.053307565900203524 0.25826568898051167 0.7091038751558073 0.8069278785662856 0.8667994667014091 0.9024940505910405 0.9474141297195562 0.9847455126802191 1.1017919037214983 1.1429943179158373 1.1835900570338336 1.2213182121240478
63 630 -0.1837272558412123 -0.0769596151649421 0.051411696098135916 0.26284180403295354 0.7091038751558073 0.8069278785662856 0.8667994667014091 0.9024940505910405 0.9474141297195562 0.9847455126802191 1.1017919037214983 1.1429943179158373 1.1835900570338336 1.2213182121240478
64 640 -0.20228065549272653 -0.053724047975567776 0.06485733886088647 0.2639329199783945 0.7091038751558073 0.8069278785662856 0.8667994667014091 0.9024940505910405 0.9474141297195562 0.9847455126802191 1.1017919037214983 1.1429943179158373 1.1835900570338336 1.2213182121240478
65 650 -0.2173218667535334 -0.05411186078521404 0.057325172051996984 0.2737486225549586 0.7091038751558073 0.8069278785662856 0.8667994667014091 0.9024940505910405 0.9474141297195562 0.9847455126802191 1.1017919037214983 1.1429943179158373 1.1835900570338336 1.2213182121240478
66 660 -0.2455111536290352 -0.06587951369308409 0.056906763699905494 0.2903265962027516 0.7091038751558073 0.8069278785662856 0.8667994667014091 0.9024940505910405 0.9474141297195562 0.9847455126802191 1.1017919037214983 1.1429943179158373 1.1835900570338336 1.2213182121240478
67 670 -0.21582795846389702 -0.07872151247538471 0.06981763147829995 0.29451229364318154 0.7091038751558073 0.8069278785662856 0.8667994667014091 0.9024940505910405 0.9474141297195562 0.9847455126802191 1.1017919037214983 1.1429943179158373 1.1835900570338336 1.2213182121240478
68 680 -0.2076891146895083 -0.06856479876225464 0.0737701557753547 0.3140395514176546 0.7091038751558073 0.8069278785662856 0.8667994667014091 0.9024940505910405 0.9474141297195562 0.9847455126802191 1.1017919037214983 1.1429943179158373 1.1835900570338336 1.2213182121240478
69 690 -0.21296360715678267 -0.07629085881121 0.07694272967493032 0.30211348558212897 0.7091038751558073 0.8069278785662856 0.8667994667014091 0.9024940505910405 0.9474141297195562 0.9847455126802191 1.1017919037214983 1.1429943179158373 1.1835900570338336 1.2213182121240478
70 700 -0.2533111044138924 -0.0769361069673173 0.054726884461263954 0.3438249037486759 0.7091038751558073 0.8069278785662856 0.8667994667014091 0.9024940505910405 0.9474141297195562 0.9847455126802191 1.1017919037214983 1.1429943179158373 1.1835900570338336 1.2213182121240478
71 710 -0.27589257501453907 -0.08042438280689877 0.05998237300754135 0.3108020509334648 0.7501493680999595 0.781393821540022 0.788225276240519 0.879391888462259 0.9479947739944593 1.0149046916862499 1.0752705140540835 1.1502143940738636 1.1651105365546395 1.2909928054615976
72 720 -0.24290713004731043 -0.06698484966400232 0.05885839025125994 0.30534255430611257 0.7501493680999595 0.781393821540022 0.788225276240519 0.879391888462259 0.9479947739944593 1.0149046916862499 1.0752705140540835 1.1502143940738636 1.1651105365546395 1.2909928054615976
73 730 -0.2513670719378779 -0.08380963434862707 0.058449056123049334 0.32630614430614546 0.7501493680999595 0.781393821540022 0.788225276240519 0.879391888462259 0.9479947739944593 1.0149046916862499 1.0752705140540835 1.1502143940738636 1.1651105365546395 1.2909928054615976
74 740 -0.24526019236908644 -0.08993334634195244 0.0663457065603614 0.28620627472110527 0.7501493680999595 0.781393821540022 0.788225276240519 0.879391888462259 0.9479947739944593 1.0149046916862499 1.0752705140540835 1.1502143940738636 1.1651105365546395 1.2909928054615976
75 750 -0.24196170824566005 -0.09340725992845055 0.05810974864307481 0.284004940996126 0.7501493680999595 0.781393821540022 0.788225276240519 0.879391888462259 0.9479947739944593 1.0149046916862499 1.0752705140540835 1.1502143940738636 1.1651105365546395 1.2909928054615976
76 760 -0.30220186441174074 -0.08989965396556489 0.060970222393584 0.27233622495874227 0.7501493680999595 0.781393821540022 0.788225276240519 0.879391888462259 0.9479947739944593 1.0149046916862499 1.0752705140540835 1.1502143940738636 1.1651105365546395 1.2909928054615976
77 770 -0.3046933058227361 -0.09634744270823904 0.07240349734527263 0.24810410658618084 0.7501493680999595 0.781393821540022 0.788225276240519 0.879391888462259 0.9479947739944593 1.0149046916862499 1.0752705140540835 1.1502143940738636 1.1651105365546395 1.2909928054615976
78 780 -0.3093371702575203 -0.09306652868811353 0.08941548099259257 0.2525211589491259 0.7501493680999595 0.781393821540022 0.788225276240519 0.879391888462259 0.9479947739944593 1.0149046916862499 1.0752705140540835 1.1502143940738636 1.1651105365546395 1.2909928054615976
79 790 -0.3122980098083874 -0.1007811047172443 0.07748667135854033 0.26554806437540035 0.7501493680999595 0.781393821540022 0.788225276240519 0.879391888462259 0.9479947739944593 1.0149046916862499 1.0752705140540835 1.1502143940738636 1.1651105365546395 1.2909928054615976
80 800 -0.2724412802177547 -0.11010423579142803 0.081309025528872 0.26575402075507115 0.7501493680999595 0.781393821540022 0.788225276240519 0.879391888462259 0.9479947739944593 1.0149046916862499 1.0752705140540835 1.1502143940738636 1.1651105365546395 1.2909928054615976
81 810 -0.2767493029390798 -0.10140532239415646 0.08598734575287445 0.24966313819556382 0.723078871346769 0.7355468246645022 0.8059934674649704 0.8887568490513572 0.9204605261416167 0.9949904914836605 1.058434857414715 1.1652270535618645 1.2161742634522552 1.3046998417458104
82 820 -0.25522961643214076 -0.11230515927856835 0.09137804605554688 0.25840854165484384 0.723078871346769 0.7355468246645022 0.8059934674649704 0.8887568490513572 0.9204605261416167 0.9949904914836605 1.058434857414715 1.1652270535618645 1.2161742634522552 1.3046998417458104
83 830 -0.30773331685496036 -0.13043943397679914 0.09320619900443708 0.25657980572046335 0.723078871346769 0.7355468246645022 0.8059934674649704 0.8887568490513572 0.9204605261416167 0.9949904914836605 1.058434857414715 1.1652270535618645 1.2161742634522552 1.3046998417458104
84 840 -0.2817415617131042 -0.11734970374666837 0.07546428733520544 0.25271537786537873 0.723078871346769 0.7355468246645022 0.8059934674649704 0.8887568490513572 0.9204605261416167 0.9949904914836605 1.058434857414715 1.1652270535618645 1.2161742634522552 1.3046998417458104
85 850 -0.2782052413431884 -0.12245677382888592 0.07505061231342995 0.25292478309629696 0.723078871346769 0.7355468246645022 0.8059934674649704 0.8887568490513572 0.9204605261416167 0.9949904914836605 1.058434857414715 1.1652270535618645 1.2161742634522552 1.3046998417458104
86 860 -0.26830484095919954 -0.13160581472773733 0.08869310103681581 0.24569336372766523 0.723078871346769 0.7355468246645022 0.8059934674649704 0.8887568490513572 0.9204605261416167 0.9949904914836605 1.058434857414715 1.1652270535618645 1.2161742634522552 1.3046998417458104
87 870 -0.3354872355462618 -0.1263728271583961 0.07446017731233168 0.20414124438173023 0.723078871346769 0.7355468246645022 0.8059934674649704 0.8887568490513572 0.9204605261416167 0.9949904914836605 1.058434857414715 1.1652270535618645 1.2161742634522552 1.3046998417458104
88 880 -0.3185403984182588 -0.1203206050033301 0.10460733321210186 0.21867979460476955 0.723078871346769 0.7355468246645022 0.8059934674649704 0.8887568490513572 0.9204605261416167 0.9949904914836605 1.058434857414715 1.1652270535618645 1.2161742634522552 1.3046998417458104
89 890 -0.33622328111359356 -0.14011657843842668 0.1094427954802455 0.25783773790927805 0.723078871346769 0.7355468246645022 0.8059934674649704 0.8887568490513572 0.9204605261416167 0.9949904914836605 1.058434857414715 1.1652270535618645 1.2161742634522552 1.3046998417458104
90 900 -0.39393265557297596 -0.11672921871995895 0.10456267266539795 0.24423583515814704 0.723078871346769 0.7355468246645022 0.8059934674649704 0.8887568490513572 0.9204605261416167 0.9949904914836605 1.058434857414715 1.1652270535618645 1.2161742634522552 1.3046998417458104
91 910 -0.3719772059927167 -0.12309676615023593 0.11095434736384603 0.22202713721945788 0.6963736027195209 0.7107324078097439 0.7653051667788638 0.8369360259607256 0.8927858022111517 0.9607710815240338 1.1477737731753552 1.1622112779383278 1.2403942322011954 1.3404940283783973
92 920 -0.37153318651818495 -0.14791576261839062 0.07443729676506075 0.22695513769784378 0.6963736027195209 0.7107324078097439 0.7653051667788638 0.8369360259607256 0.8927858022111517 0.9607710815240338 1.1477737731753552 1.1622112779383278 1.2403942322011954 1.3404940283783973
93 930 -0.36584275074311257 -0.1318858930630057 0.07300123448134166 0.2245536124610955 0.6963736027195209 0.7107324078097439 0.7653051667788638 0.8369360259607256 0.8927858022111517 0.9607710815240338 1.1477737731753552 1.1622112779383278 1.2403942322011954 1.3404940283783973
94 940 -0.33908449711517824 -0.13902291868797292 0.09914889832479881 0.2080250558217358 0.6963736027195209 0.7107324078097439 0.7653051667788638 0.8369360259607256 0.8927858022111517 0.9607710815240338 1.1477737731753552 1.1622112779383278 1.2403942322011954 1.3404940283783973
95 950 -0.3281977408053563 -0.12076760137512849 0.0928556615004168 0.22856776603494572 0.6963736027195209 0.7107324078097439 0.7653051667788638 0.8369360259607256 0.8927858022111517 0.9607710815240338 1.1477737731753552 1.1622112779383278 1.2403942322011954 1.3404940283783973
96 960 -0.29539706418807515 -0.12429709831458552 0.08437981701030592 0.23673566498441379 0.6963736027195209 0.7107324078097439 0.7653051667788638 0.8369360259607256 0.8927858022111517 0.9607710815240338 1.1477737731753552 1.1622112779383278 1.2403942322011954 1.3404940283783973
97 970 -0.3124320386779397 -0.12278427554516827 0.10587627633621946 0.20298612492322318 0.6963736027195209 0.7107324078097439 0.7653051667788638 0.8369360259607256 0.8927858022111517 0.9607710815240338 1.1477737731753552 1.1622112779383278 1.2403942322011954 1.3404940283783973
98 980 -0.3099838993999321 -0.13771950383955742 0.08852183758986745 0.2028324948704529 0.6963736027195209 0.7107324078097439 0.7653051667788638 0.8369360259607256 0.8927858022111517 0.9607710815240338 1.1477737731753552 1.1622112779383278 1.2403942322011954 1.3404940283783973
99 990 -0.3113793968098376 -0.14818735882951542 0.10865539325711013 0.19586901216907954 0.6963736027195209 0.7107324078097439 0.7653051667788638 0.8369360259607256 0.8927858022111517 0.9607710815240338 1.1477737731753552 1.1622112779383278 1.2403942322011954 1.3404940283783973
100 1000 -0.3085751170948008 -0.14817397431938995 0.10415928140735795 0.1953032420696288 0.6963736027195209 0.7107324078097439 0.7653051667788638 0.8369360259607256 0.8927858022111517 0.9607710815240338 1.1477737731753552 1.1622112779383278 1.2403942322011954 1.3404940283783973
101 1010 -0.2656466341268022 -0.14361547318542495 0.10379351790639446 0.20850540564902517 0.6793907314669989 0.7191605701373787 0.8187653408342497 0.8554384291185272 0.8975543005624891 1.0374129016135964 1.0934296619148465 1.160124968894917 1.1902442137465763 1.333827504115058
102 1020 -0.2453768210575153 -0.12906549245538415 0.109757778503692 0.22214963113946207 0.6793907314669989 0.7191605701373787 0.8187653408342497 0.8554384291185272 0.8975543005624891 1.0374129016135964 1.0934296619148465 1.160124968894917 1.1902442137465763 1.333827504115058
103 1030 -0.2392220074840041 -0.11990389070585467 0.11981408748549517 0.18001202690502888 0.6793907314669989 0.7191605701373787 0.8187653408342497 0.8554384291185272 0.8975543005624891 1.0374129016135964 1.0934296619148465 1.160124968894917 1.1902442137465763 1.333827504115058
104 1040 -0.23889237760545273 -0.12985738961586404 0.10587536466527617 0.19298363897272616 0.6793907314669989 0.7191605701373787 0.8187653408342497 0.8554384291185272 0.8975543005624891 1.0374129016135964 1.0934296619148465 1.160124968894917 1.1902442137465763 1.333827504115058
105 1050 -0.24939138075373943 -0.1222827077692284 0.10287584288245993 0.22065609057032767 0.6793907314669989 0.7191605701373787 0.8187653408342497 0.8554384291185272 0.8975543005624891 1.0374129016135964 1.0934296619148465 1.160124968894917 1.1902442137465763 1.333827504115058
106 1060 -0.26204274777255726 -0.12515123208722725 0.10680397137321702 0.19481334227556316 0.6793907314669989 0.7191605701373787 0.8187653408342497 0.8554384291185272 0.8975543005624891 1.0374129016135964 1.0934296619148465 1.160124968894917 1.1902442137465763 1.333827504115058
107 1070 -0.2782469366764702 -0.11675037640711683 0.1166520634557148 0.2299816210402609 0.6793907314669989 0.7191605701373787 0.8187653408342497 0.8554384291185272 0.8975543005624891 1.0374129016135964 1.0934296619148465 1.160124968894917 1.1902442137465763 1.333827504115058
108 1080 -0.30004003110337546 -0.10368833658025337 0.12164093911307952 0.22121275379954547 0.6793907314669989 0.7191605701373787 0.8187653408342497 0.8554384291185272 0.8975543005624891 1.0374129016135964 1.0934296619148465 1.160124968894917 1.1902442137465763 1.333827504115058
109 1090 -0.27594782079761665 -0.11334071809441554 0.11544408203413696 0.225555767730114 0.6793907314669989 0.7191605701373787 0.8187653408342497 0.8554384291185272 0.8975543005624891 1.0374129016135964 1.0934296619148465 1.160124968894917 1.1902442137465763 1.333827504115058
110 1100 -0.2813233811285368 -0.07892116915061609 0.12264909560047721 0.2850534662891615 0.6793907314669989 0.7191605701373787 0.8187653408342497 0.8554384291185272 0.8975543005624891 1.0374129016135964 1.0934296619148465 1.160124968894917 1.1902442137465763 1.333827504115058
111 1110 -0.29667400015949963 -0.07694646992302404 0.12039372650343512 0.27483445093733455 0.6529942637437516 0.6981105144651687 0.8053542692247753 0.8620176949370463 0.9427569135656622 1.0287109663077139 1.0446902278912589 1.1692572295512458 1.2643387002804798 1.3001695486950544
112 1120 -0.28969067759180056 -0.05193117300461491 0.13591811142161822 0.30558009248794943 0.6529942637437516 0.6981105144651687 0.8053542692247753 0.8620176949370463 0.9427569135656622 1.0287109663077139 1.0446902278912589 1.1692572295512458 1.2643387002804798 1.3001695486950544
113 1130 -0.3091970923660423 -0.04386597615991506 0.129532311675539 0.27551883554134343 0.6529942637437516 0.6981105144651687 0.8053542692247753 0.8620176949370463 0.9427569135656622 1.0287109663077139 1.0446902278912589 1.1692572295512458 1.2643387002804798 1.3001695486950544
114 1140 -0.29804283521153746 -0.0612862410879183 0.12669331091458358 0.2735370116448244 0.6529942637437516 0.6981105144651687 0.8053542692247753 0.8620176949370463 0.9427569135656622 1.0287109663077139 1.0446902278912589 1.1692572295512458 1.2643387002804798 1.3001695486950544
115 1150 -0.2906163316221147 -0.0763969147968804 0.12108225402334208 0.25654386825473124 0.6529942637437516 0.6981105144651687 0.8053542692247753 0.8620176949370463 0.9427569135656622 1.0287109663077139 1.0446902278912589 1.1692572295512458 1.2643387002804798 1.3001695486950544
116 1160 -0.26638954502325185 -0.07466179602225408 0.13145201489679237 0.25840141052393645 0.6529942637437516 0.6981105144651687 0.8053542692247753 0.8620176949370463 0.9427569135656622 1.0287109663077139 1.0446902278912589 1.1692572295512458 1.2643387002804798 1.3001695486950544
117 1170 -0.23998034104048688 -0.06996741341859025 0.11487816328898645 0.27196997493970193 0.6529942637437516 0.6981105144651687 0.8053542692247753 0.8620176949370463 0.9427569135656622 1.0287109663077139 1.0446902278912589 1.1692572295512458 1.2643387002804798 1.3001695486950544
118 1180 -0.25358764543402373 -0.07072900693522827 0.11818327516995437 0.24562350793547735 0.6529942637437516 0.6981105144651687 0.8053542692247753 0.8620176949370463 0.9427569135656622 1.0287109663077139 1.0446902278912589 1.1692572295512458 1.2643387002804798 1.3001695486950544
119 1190 -0.2652577081653434 -0.0708569351076772 0.11494698658398714 0.23837706235036332 0.6529942637437516 0.6981105144651687 0.8053542692247753 0.8620176949370463 0.9427569135656622 1.0287109663077139 1.0446902278912589 1.1692572295512458 1.2643387002804798 1.3001695486950544
120 1200 -0.29881902662606763 -0.11905801144145065 0.14646091987455268 0.24640139185564408 0.6529942637437516 0.6981105144651687 0.8053542692247753 0.8620176949370463 0.9427569135656622 1.0287109663077139 1.0446902278912589 1.1692572295512458 1.2643387002804798 1.3001695486950544
121 1210 -0.3038679483477003 -0.1129960962622599 0.16095635881408532 0.2783825807937135 0.6280151030474912 0.742030465965911 0.7648516058290077 0.826286604042265 0.9364631500605899 1.0180611353271574 1.0235498726009429 1.1206997024940382 1.279269185145869 1.3905670668268122
122 1220 -0.28296280207652297 -0.0981447956832983 0.14813948975312458 0.27143285007177553 0.6280151030474912 0.742030465965911 0.7648516058290077 0.826286604042265 0.9364631500605899 1.0180611353271574 1.0235498726009429 1.1206997024940382 1.279269185145869 1.3905670668268122
123 1230 -0.277136385865526 -0.0816358755952275 0.17230627026416734 0.2641820445207795 0.6280151030474912 0.742030465965911 0.7648516058290077 0.826286604042265 0.9364631500605899 1.0180611353271574 1.0235498726009429 1.1206997024940382 1.279269185145869 1.3905670668268122
124 1240 -0.2945150580334959 -0.06103706542593249 0.15897399844224333 0.2679606116459903 0.6280151030474912 0.742030465965911 0.7648516058290077 0.826286604042265 0.9364631500605899 1.0180611353271574 1.0235498726009429 1.1206997024940382 1.279269185145869 1.3905670668268122
125 1250 -0.28985651034420434 -0.06083367304200581 0.15490793599332087 0.2533898794284919 0.6280151030474912 0.742030465965911 0.7648516058290077 0.826286604042265 0.9364631500605899 1.0180611353271574 1.0235498726009429 1.1206997024940382 1.279269185145869 1.3905670668268122
126 1260 -0.296775886491654 -0.053438708330306686 0.14054543805359462 0.2688937566726456 0.6280151030474912 0.742030465965911 0.7648516058290077 0.826286604042265 0.9364631500605899 1.0180611353271574 1.0235498726009429 1.1206997024940382 1.279269185145869 1.3905670668268122
127 1270 -0.2748943919649993 -0.08481580258011229 0.16554439269065604 0.2798117054718256 0.6280151030474912 0.742030465965911 0.7648516058290077 0.826286604042265 0.9364631500605899 1.0180611353271574 1.0235498726009429 1.1206997024940382 1.279269185145869 1.3905670668268122
128 1280 -0.27045611684625487 -0.0757175163046412 0.1508588700397022 0.27198265123784787 0.6280151030474912 0.742030465965911 0.7648516058290077 0.826286604042265 0.9364631500605899 1.0180611353271574 1.0235498726009429 1.1206997024940382 1.279269185145869 1.3905670668268122
129 1290 -0.2594743976261171 -0.06806951965927172 0.1221686906619694 0.3114106725775137 0.6280151030474912 0.742030465965911 0.7648516058290077 0.826286604042265 0.9364631500605899 1.0180611353271574 1.0235498726009429 1.1206997024940382 1.279269185145869 1.3905670668268122
130 1300 -0.2815553433591366 -0.054659107941935944 0.12043678303995081 0.29387751226503755 0.6280151030474912 0.742030465965911 0.7648516058290077 0.826286604042265 0.9364631500605899 1.0180611353271574 1.0235498726009429 1.1206997024940382 1.279269185145869 1.3905670668268122
131 1310 -0.2517290525953097 -0.05539353559269779 0.14332116072365797 0.29963301528344083 0.6619235445834144 0.7156247919157005 0.7756181999390285 0.8763123680435814 0.9159451172767086 1.002812228452698 1.0939559716611673 1.2094428740713252 1.2418705512908919 1.2782446544863946
132 1320 -0.26454426863688646 -0.07486319856042924 0.15994041464006137 0.30910675345604666 0.6619235445834144 0.7156247919157005 0.7756181999390285 0.8763123680435814 0.9159451172767086 1.002812228452698 1.0939559716611673 1.2094428740713252 1.2418705512908919 1.2782446544863946
133 1330 -0.20385028859675922 -0.06920096225214996 0.15755963769252404 0.3261505861123388 0.6619235445834144 0.7156247919157005 0.7756181999390285 0.8763123680435814 0.9159451172767086 1.002812228452698 1.0939559716611673 1.2094428740713252 1.2418705512908919 1.2782446544863946
134 1340 -0.20859986341430503 -0.07720410357940027 0.1704030746548754 0.3249950998652741 0.6619235445834144 0.7156247919157005 0.7756181999390285 0.8763123680435814 0.9159451172767086 1.002812228452698 1.0939559716611673 1.2094428740713252 1.2418705512908919 1.2782446544863946
135 1350 -0.20377213543922285 -0.0781981371004248 0.14095912894000837 0.334795344365067 0.6619235445834144 0.7156247919157005 0.7756181999390285 0.8763123680435814 0.9159451172767086 1.002812228452698 1.0939559716611673 1.2094428740713252 1.2418705512908919 1.2782446544863946
136 1360 -0.23837821138314996 -0.06431756033093096 0.15212005870002349 0.32792779416387113 0.6619235445834144 0.7156247919157005 0.7756181999390285 0.8763123680435814 0.9159451172767086 1.002812228452698 1.0939559716611673 1.2094428740713252 1.2418705512908919 1.2782446544863946
137 1370 -0.25981418890327895 -0.0715218687400252 0.1605605112849923 0.31016922928445895 0.6619235445834144 0.7156247919157005 0.7756181999390285 0.8763123680435814 0.9159451172767086 1.002812228452698 1.0939559716611673 1.2094428740713252 1.2418705512908919 1.2782446544863946
138 1380 -0.29492326963340953 -0.07011507973462909 0.13565061846968546 0.285001130103801 0.6619235445834144 0.7156247919157005 0.7756181999390285 0.8763123680435814 0.9159451172767086 1.002812228452698 1.0939559716611673 1.2094428740713252 1.2418705512908919 1.2782446544863946
139 1390 -0.2945560541094189 -0.07435677727141687 0.13177667843877397 0.2946251991429262 0.6619235445834144 0.7156247919157005 0.7756181999390285 0.8763123680435814 0.9159451172767086 1.002812228452698 1.0939559716611673 1.2094428740713252 1.2418705512908919 1.2782446544863946
140 1400 -0.268227869782028 -0.0691331618845447 0.13467094256754472 0.3110471939899857 0.6619235445834144 0.7156247919157005 0.7756181999390285 0.8763123680435814 0.9159451172767086 1.002812228452698 1.0939559716611673 1.2094428740713252 1.2418705512908919 1.2782446544863946
141 1410 -0.28225265358216994 -0.07948849701204175 0.12415688153629734 0.2999809914241833 0.6169104729793048 0.6797975488214149 0.7963594988995805 0.8853063734254705 0.9354219746666083 1.0065475017814574 1.125302525978862 1.1834841882580374 1.2442074126065197 1.279138814273737
142 1420 -0.26043254892191997 -0.07625232051863336 0.12615671610382825 0.32404015848888784 0.6169104729793048 0.6797975488214149 0.7963594988995805 0.8853063734254705 0.9354219746666083 1.0065475017814574 1.125302525978862 1.1834841882580374 1.2442074126065197 1.279138814273737
143 1430 -0.25399224575906476 -0.06090092474813175 0.11990910802754179 0.3220622592037281 0.6169104729793048 0.6797975488214149 0.7963594988995805 0.8853063734254705 0.9354219746666083 1.0065475017814574 1.125302525978862 1.1834841882580374 1.2442074126065197 1.279138814273737
144 1440 -0.2624944541510444 -0.07725268534431834 0.12655095573116132 0.31849492887958075 0.6169104729793048 0.6797975488214149 0.7963594988995805 0.8853063734254705 0.9354219746666083 1.0065475017814574 1.125302525978862 1.1834841882580374 1.2442074126065197 1.279138814273737
145 1450 -0.2614338216385031 -0.07606065747161923 0.11875010628923155 0.3109628980978134 0.6169104729793048 0.6797975488214149 0.7963594988995805 0.8853063734254705 0.9354219746666083 1.0065475017814574 1.125302525978862 1.1834841882580374 1.2442074126065197 1.279138814273737
146 1460 -0.24745019434613205 -0.07811494184719657 0.10361775660806452 0.338993322754656 0.6169104729793048 0.6797975488214149 0.7963594988995805 0.8853063734254705 0.9354219746666083 1.0065475017814574 1.125302525978862 1.1834841882580374 1.2442074126065197 1.279138814273737
147 1470 -0.26940958761564354 -0.06011223943229019 0.11312544310003401 0.3565948635672657 0.6169104729793048 0.6797975488214149 0.7963594988995805 0.8853063734254705 0.9354219746666083 1.0065475017814574 1.125302525978862 1.1834841882580374 1.2442074126065197 1.279138814273737
148 1480 -0.25607796556345513 -0.04672158754980753 0.12373225536701031 0.3604468824502334 0.6169104729793048 0.6797975488214149 0.7963594988995805 0.8853063734254705 0.9354219746666083 1.0065475017814574 1.125302525978862 1.1834841882580374 1.2442074126065197 1.279138814273737
149 1490 -0.2649946252458422 -0.040260203203496464 0.11762277254810957 0.34076122096709116 0.6169104729793048 0.6797975488214149 0.7963594988995805 0.8853063734254705 0.9354219746666083 1.0065475017814574 1.125302525978862 1.1834841882580374 1.2442074126065197 1.279138814273737
150 1500 -0.2591265704099835 -0.050286875037408134 0.1141500129327631 0.3692187628736198 0.6169104729793048 0.6797975488214149 0.7963594988995805 0.8853063734254705 0.9354219746666083 1.0065475017814574 1.125302525978862 1.1834841882580374 1.2442074126065197 1.279138814273737
151 1510 -0.24768311248029717 -0.04660174264280288 0.10675524013034267 0.36353600804099484 0.6313651710412455 0.732167875047071 0.7937466753748404 0.9121130114114948 0.9884466097741655 1.0214622597564689 1.057364676290326 1.133406147611457 1.2436804441781775 1.2781008737452237
152 1520 -0.2130994461417865 -0.05027020279224692 0.09441137492294047 0.29751267213167276 0.6313651710412455 0.732167875047071 0.7937466753748404 0.9121130114114948 0.9884466097741655 1.0214622597564689 1.057364676290326 1.133406147611457 1.2436804441781775 1.2781008737452237
153 1530 -0.21192934162124566 -0.03379558433175249 0.09013479302920806 0.2535170018711937 0.6313651710412455 0.732167875047071 0.7937466753748404 0.9121130114114948 0.9884466097741655 1.0214622597564689 1.057364676290326 1.133406147611457 1.2436804441781775 1.2781008737452237
154 1540 -0.21562296385418558 -0.038222040077909955 0.09233644610369923 0.24408791573932334 0.6313651710412455 0.732167875047071 0.7937466753748404 0.9121130114114948 0.9884466097741655 1.0214622597564689 1.057364676290326 1.133406147611457 1.2436804441781775 1.2781008737452237
155 1550 -0.2391290614185542 -0.023590123525278624 0.09831280741825525 0.24403892798011015 0.6313651710412455 0.732167875047071 0.7937466753748404 0.9121130114114948 0.9884466097741655 1.0214622597564689 1.057364676290326 1.133406147611457 1.2436804441781775 1.2781008737452237
156 1560 -0.2626160904422779 -0.03353703118754273 0.09096705327685821 0.24034252126916325 0.6313651710412455 0.732167875047071 0.7937466753748404 0.9121130114114948 0.9884466097741655 1.0214622597564689 1.057364676290326 1.133406147611457 1.2436804441781775 1.2781008737452237
157 1570 -0.25125246219650427 -0.03519272149200906 0.08561512531983927 0.2522958923771365 0.6313651710412455 0.732167875047071 0.7937466753748404 0.9121130114114948 0.9884466097741655 1.0214622597564689 1.057364676290326 1.133406147611457 1.2436804441781775 1.2781008737452237
158 1580 -0.2576253896021646 -0.04414935820922004 0.10676391255060984 0.28225471084467846 0.6313651710412455 0.732167875047071 0.7937466753748404 0.9121130114114948 0.9884466097741655 1.0214622597564689 1.057364676290326 1.133406147611457 1.2436804441781775 1.2781008737452237
159 1590 -0.25901245295875014 -0.041406478401880165 0.11801916844464483 0.2867339823782247 0.6313651710412455 0.732167875047071 0.7937466753748404 0.9121130114114948 0.9884466097741655 1.0214622597564689 1.057364676290326 1.133406147611457 1.2436804441781775 1.2781008737452237
160 1600 -0.26718161453278205 -0.04084501546855951 0.11154323384577917 0.29301263234741814 0.6313651710412455 0.732167875047071 0.7937466753748404 0.9121130114114948 0.9884466097741655 1.0214622597564689 1.057364676290326 1.133406147611457 1.2436804441781775 1.2781008737452237
161 1610 -0.2588107446366608 -0.04570557768868694 0.13077687888124795 0.30134162432133627 0.6719888805881078 0.7135698690973071 0.850504708332598 0.9295607819267475 0.9791220781244742 1.0283999016942293 1.0834627828226435 1.1189753980192367 1.1904131943990208 1.2619191582194738
162 1620 -0.20927867039555856 -0.05891344779882899 0.13080647041798715 0.3079085267448345 0.6719888805881078 0.7135698690973071 0.850504708332598 0.9295607819267475 0.9791220781244742 1.0283999016942293 1.0834627828226435 1.1189753980192367 1.1904131943990208 1.2619191582194738
163 1630 -0.25716426200293685 -0.045614571153047276 0.1333787687223328 0.2874242127392326 0.6719888805881078 0.7135698690973071 0.850504708332598 0.9295607819267475 0.9791220781244742 1.0283999016942293 1.0834627828226435 1.1189753980192367 1.1904131943990208 1.2619191582194738
164 1640 -0.24415776295519662 -0.05500493330857916 0.1319278180663861 0.28318651241910053 0.6719888805881078 0.7135698690973071 0.850504708332598 0.9295607819267475 0.9791220781244742 1.0283999016942293 1.0834627828226435 1.1189753980192367 1.1904131943990208 1.2619191582194738
165 1650 -0.24793787225579048 -0.03629876368817898 0.14034365421538994 0.29203222523036765 0.6719888805881078 0.7135698690973071 0.850504708332598 0.9295607819267475 0.9791220781244742 1.0283999016942293 1.0834627828226435 1.1189753980192367 1.1904131943990208 1.2619191582194738
166 1660 -0.26000199650106876 -0.03486874871525545 0.12978063117884847 0.26717062827584187 0.6719888805881078 0.7135698690973071 0.850504708332598 0.9295607819267475 0.9791220781244742 1.0283999016942293 1.0834627828226435 1.1189753980192367 1.1904131943990208 1.2619191582194738
167 1670 -0.24741479294122692 -0.03825318452680079 0.12421403359347293 0.2505076516876467 0.6719888805881078 0.7135698690973071 0.850504708332598 0.9295607819267475 0.9791220781244742 1.0283999016942293 1.0834627828226435 1.1189753980192367 1.1904131943990208 1.2619191582194738
168 1680 -0.23931878412989072 -0.04019161253801782 0.11719752003562167 0.26386568976908037 0.6719888805881078 0.7135698690973071 0.850504708332598 0.9295607819267475 0.9791220781244742 1.0283999016942293 1.0834627828226435 1.1189753980192367 1.1904131943990208 1.2619191582194738
169 1690 -0.23882271174167907 -0.04950438532591184 0.12415124377553315 0.25844302781843376 0.6719888805881078 0.7135698690973071 0.850504708332598 0.9295607819267475 0.9791220781244742 1.0283999016942293 1.0834627828226435 1.1189753980192367 1.1904131943990208 1.2619191582194738
170 1700 -0.25455079177998463 -0.04997104691472183 0.12170636198506736 0.28453361556837936 0.6719888805881078 0.7135698690973071 0.850504708332598 0.9295607819267475 0.9791220781244742 1.0283999016942293 1.0834627828226435 1.1189753980192367 1.1904131943990208 1.2619191582194738
171 1710 -0.23082984617687916 -0.06662148470735768 0.11496815086881676 0.30917164537248315 0.6520162357371219 0.7282957668781449 0.8149488853289666 0.9399347620239903 0.9793945066857677 1.03423745791851 1.0958015931611083 1.1470631801007591 1.2052991589785365 1.224213710625269
172 1720 -0.22551170867982898 -0.0631460390549666 0.12264238609053943 0.3288964330952606 0.6520162357371219 0.7282957668781449 0.8149488853289666 0.9399347620239903 0.9793945066857677 1.03423745791851 1.0958015931611083 1.1470631801007591 1.2052991589785365 1.224213710625269
173 1730 -0.22584359276724922 -0.06660793896706582 0.11503103907859792 0.33254664456906086 0.6520162357371219 0.7282957668781449 0.8149488853289666 0.9399347620239903 0.9793945066857677 1.03423745791851 1.0958015931611083 1.1470631801007591 1.2052991589785365 1.224213710625269
174 1740 -0.19361116440491255 -0.08562116430062415 0.09354917674208574 0.2945821334207082 0.6520162357371219 0.7282957668781449 0.8149488853289666 0.9399347620239903 0.9793945066857677 1.03423745791851 1.0958015931611083 1.1470631801007591 1.2052991589785365 1.224213710625269
175 1750 -0.17562166960738837 -0.07824231771183104 0.1094147083322467 0.2868602328234157 0.6520162357371219 0.7282957668781449 0.8149488853289666 0.9399347620239903 0.9793945066857677 1.03423745791851 1.0958015931611083 1.1470631801007591 1.2052991589785365 1.224213710625269
176 1760 -0.16859881444269875 -0.0851421369899235 0.11368400903423177 0.29206489710601485 0.6520162357371219 0.7282957668781449 0.8149488853289666 0.9399347620239903 0.9793945066857677 1.03423745791851 1.0958015931611083 1.1470631801007591 1.2052991589785365 1.224213710625269
177 1770 -0.15887012312088442 -0.07758414999464945 0.13405187755855902 0.3070203103652603 0.6520162357371219 0.7282957668781449 0.8149488853289666 0.9399347620239903 0.9793945066857677 1.03423745791851 1.0958015931611083 1.1470631801007591 1.2052991589785365 1.224213710625269
178 1780 -0.18902025500227734 -0.05714421850166441 0.13754480770453845 0.29991773031532537 0.6520162357371219 0.7282957668781449 0.8149488853289666 0.9399347620239903 0.9793945066857677 1.03423745791851 1.0958015931611083 1.1470631801007591 1.2052991589785365 1.224213710625269
179 1790 -0.17477153781809474 -0.07057119212551753 0.13126916175190392 0.290643331818061 0.6520162357371219 0.7282957668781449 0.8149488853289666 0.9399347620239903 0.9793945066857677 1.03423745791851 1.0958015931611083 1.1470631801007591 1.2052991589785365 1.224213710625269
180 1800 -0.1879583059983502 -0.08101080957872604 0.1428707240096947 0.28805232059735086 0.6520162357371219 0.7282957668781449 0.8149488853289666 0.9399347620239903 0.9793945066857677 1.03423745791851 1.0958015931611083 1.1470631801007591 1.2052991589785365 1.224213710625269
181 1810 -0.19766331871458892 -0.08129826954371458 0.13553850586024446 0.26350610148853193 0.5834505407131058 0.7363522933853629 0.805468354025127 0.9491758208744564 0.9751427152698824 1.0560240079122987 1.0951909440098198 1.1313091230943588 1.1923854694331968 1.2651008237744958
182 1820 -0.18820551664623802 -0.06561696754849985 0.14378206767972745 0.2509405806444416 0.5834505407131058 0.7363522933853629 0.805468354025127 0.9491758208744564 0.9751427152698824 1.0560240079122987 1.0951909440098198 1.1313091230943588 1.1923854694331968 1.2651008237744958
183 1830 -0.1921660589872395 -0.07686524509736738 0.11927214292282659 0.2658911119375714 0.5834505407131058 0.7363522933853629 0.805468354025127 0.9491758208744564 0.9751427152698824 1.0560240079122987 1.0951909440098198 1.1313091230943588 1.1923854694331968 1.2651008237744958
184 1840 -0.2096811394560954 -0.06236885730586039 0.11550755550956923 0.2798919073484613 0.5834505407131058 0.7363522933853629 0.805468354025127 0.9491758208744564 0.9751427152698824 1.0560240079122987 1.0951909440098198 1.1313091230943588 1.1923854694331968 1.2651008237744958
185 1850 -0.1630360794292087 -0.06912496246087625 0.13813895075215468 0.34585052053999266 0.5834505407131058 0.7363522933853629 0.805468354025127 0.9491758208744564 0.9751427152698824 1.0560240079122987 1.0951909440098198 1.1313091230943588 1.1923854694331968 1.2651008237744958
186 1860 -0.1810825887034469 -0.06912393218829646 0.11093664870367269 0.357463150867616 0.5834505407131058 0.7363522933853629 0.805468354025127 0.9491758208744564 0.9751427152698824 1.0560240079122987 1.0951909440098198 1.1313091230943588 1.1923854694331968 1.2651008237744958
187 1870 -0.19131667322582283 -0.04547317435875925 0.0989250380013368 0.3570867899871154 0.5834505407131058 0.7363522933853629 0.805468354025127 0.9491758208744564 0.9751427152698824 1.0560240079122987 1.0951909440098198 1.1313091230943588 1.1923854694331968 1.2651008237744958
188 1880 -0.1882305739785813 -0.04652654989233766 0.10100687018752466 0.36372345440280535 0.5834505407131058 0.7363522933853629 0.805468354025127 0.9491758208744564 0.9751427152698824 1.0560240079122987 1.0951909440098198 1.1313091230943588 1.1923854694331968 1.2651008237744958
189 1890 -0.17512270821517298 -0.052442318043984415 0.09499126811513711 0.36047931764158025 0.5834505407131058 0.7363522933853629 0.805468354025127 0.9491758208744564 0.9751427152698824 1.0560240079122987 1.0951909440098198 1.1313091230943588 1.1923854694331968 1.2651008237744958
190 1900 -0.19062956972847642 -0.06602386558317692 0.08996730326590605 0.35183796852198346 0.5834505407131058 0.7363522933853629 0.805468354025127 0.9491758208744564 0.9751427152698824 1.0560240079122987 1.0951909440098198 1.1313091230943588 1.1923854694331968 1.2651008237744958
191 1910 -0.20234289728609858 -0.07650196286306711 0.09554988718005766 0.3444202659214893 0.6027353900476131 0.7031618067393246 0.8184437721797753 0.8896218045242257 0.9414494247021105 1.0432315688029203 1.0634113915781387 1.1206610233657628 1.2650660411563603 1.311190386209084
192 1920 -0.21078417445262895 -0.06851479975232533 0.11322843613082167 0.3383595377086414 0.6027353900476131 0.7031618067393246 0.8184437721797753 0.8896218045242257 0.9414494247021105 1.0432315688029203 1.0634113915781387 1.1206610233657628 1.2650660411563603 1.311190386209084
193 1930 -0.21539569301771802 -0.08347248358141157 0.09068182630453137 0.32260612131518646 0.6027353900476131 0.7031618067393246 0.8184437721797753 0.8896218045242257 0.9414494247021105 1.0432315688029203 1.0634113915781387 1.1206610233657628 1.2650660411563603 1.311190386209084
194 1940 -0.19663396467725017 -0.10030225528459973 0.09536619225037501 0.3551422431724503 0.6027353900476131 0.7031618067393246 0.8184437721797753 0.8896218045242257 0.9414494247021105 1.0432315688029203 1.0634113915781387 1.1206610233657628 1.2650660411563603 1.311190386209084
195 1950 -0.21302248965342357 -0.09936735610358134 0.07758141005694097 0.3822975856918847 0.6027353900476131 0.7031618067393246 0.8184437721797753 0.8896218045242257 0.9414494247021105 1.0432315688029203 1.0634113915781387 1.1206610233657628 1.2650660411563603 1.311190386209084
196 1960 -0.21828465624232748 -0.09099468690923716 0.10875613816067697 0.38305170208002004 0.6027353900476131 0.7031618067393246 0.8184437721797753 0.8896218045242257 0.9414494247021105 1.0432315688029203 1.0634113915781387 1.1206610233657628 1.2650660411563603 1.311190386209084
197 1970 -0.1899160612921094 -0.07943860164921321 0.13754966574465255 0.38275992394565117 0.6027353900476131 0.7031618067393246 0.8184437721797753 0.8896218045242257 0.9414494247021105 1.0432315688029203 1.0634113915781387 1.1206610233657628 1.2650660411563603 1.311190386209084
198 1980 -0.17745935080213343 -0.07487446932793775 0.1392096302016494 0.3868926548403532 0.6027353900476131 0.7031618067393246 0.8184437721797753 0.8896218045242257 0.9414494247021105 1.0432315688029203 1.0634113915781387 1.1206610233657628 1.2650660411563603 1.311190386209084
199 1990 -0.21036941989976188 -0.06682035880397345 0.1366691994853268 0.3835563746267568 0.6027353900476131 0.7031618067393246 0.8184437721797753 0.8896218045242257 0.9414494247021105 1.0432315688029203 1.0634113915781387 1.1206610233657628 1.2650660411563603 1.311190386209084
200 2000 -0.21848233116916102 -0.06412289948841428 0.09267530621801925 0.4042034875151175 0.6027353900476131 0.7031618067393246 0.8184437721797753 0.8896218045242257 0.9414494247021105 1.0432315688029203 1.0634113915781387 1.1206610233657628 1.2650660411563603 1.311190386209084
201 2010 -0.22370275995535224 -0.06678018958065544 0.10229480223160911 0.3885343201898945 0.6004777550908746 0.7182538179185018 0.8375780363097076 0.8468588146992824 0.94708516004229 1.016950998763551 1.1388804602343712 1.16710313051793 1.2003183253568372 1.2937267730590802
202 2020 -0.2442491261625577 -0.07107727073175082 0.10221589653188803 0.41005102678636524 0.6004777550908746 0.7182538179185018 0.8375780363097076 0.8468588146992824 0.94708516004229 1.016950998763551 1.1388804602343712 1.16710313051793 1.2003183253568372 1.2937267730590802
203 2030 -0.2431497688811847 -0.07923384886706938 0.10325325596856691 0.3703906538213508 0.6004777550908746 0.7182538179185018 0.8375780363097076 0.8468588146992824 0.94708516004229 1.016950998763551 1.1388804602343712 1.16710313051793 1.2003183253568372 1.2937267730590802
204 2040 -0.261528101365857 -0.08201649746634594 0.10993420108427511 0.37323223521465654 0.6004777550908746 0.7182538179185018 0.8375780363097076 0.8468588146992824 0.94708516004229 1.016950998763551 1.1388804602343712 1.16710313051793 1.2003183253568372 1.2937267730590802
205 2050 -0.27639804477604013 -0.10413049853704184 0.10265699735228781 0.3673005982735743 0.6004777550908746 0.7182538179185018 0.8375780363097076 0.8468588146992824 0.94708516004229 1.016950998763551 1.1388804602343712 1.16710313051793 1.2003183253568372 1.2937267730590802
206 2060 -0.28063116815967093 -0.09184582729982338 0.10313490106412787 0.38763540802984964 0.6004777550908746 0.7182538179185018 0.8375780363097076 0.8468588146992824 0.94708516004229 1.016950998763551 1.1388804602343712 1.16710313051793 1.2003183253568372 1.2937267730590802
207 2070 -0.2571280844182967 -0.08554023083946549 0.10244431481890323 0.390850504341779 0.6004777550908746 0.7182538179185018 0.8375780363097076 0.8468588146992824 0.94708516004229 1.016950998763551 1.1388804602343712 1.16710313051793 1.2003183253568372 1.2937267730590802
208 2080 -0.2261748145076882 -0.11327974374439648 0.08998135724186111 0.36945476499814295 0.6004777550908746 0.7182538179185018 0.8375780363097076 0.8468588146992824 0.94708516004229 1.016950998763551 1.1388804602343712 1.16710313051793 1.2003183253568372 1.2937267730590802
209 2090 -0.2101836188050822 -0.08960465078923652 0.08320423795039586 0.3330751300968263 0.6004777550908746 0.7182538179185018 0.8375780363097076 0.8468588146992824 0.94708516004229 1.016950998763551 1.1388804602343712 1.16710313051793 1.2003183253568372 1.2937267730590802
210 2100 -0.20399089593135097 -0.09524022629758677 0.0951552216103064 0.34056947065452486 0.6004777550908746 0.7182538179185018 0.8375780363097076 0.8468588146992824 0.94708516004229 1.016950998763551 1.1388804602343712 1.16710313051793 1.2003183253568372 1.2937267730590802
211 2110 -0.2022032311415295 -0.08270019628999462 0.10075322070126463 0.3625707007115013 0.6037023702771476 0.7108319960149235 0.835180318152238 0.9153465685477686 0.9479749302472925 1.050743660944593 1.0861441101084048 1.1799825899777718 1.2009696163997192 1.2560896256638796
212 2120 -0.2409597255803723 -0.085714209931642 0.09419809915377574 0.3490564846834847 0.6037023702771476 0.7108319960149235 0.835180318152238 0.9153465685477686 0.9479749302472925 1.050743660944593 1.0861441101084048 1.1799825899777718 1.2009696163997192 1.2560896256638796
213 2130 -0.2093668965585605 -0.08769283560323907 0.0817521093747382 0.36823315890115466 0.6037023702771476 0.7108319960149235 0.835180318152238 0.9153465685477686 0.9479749302472925 1.050743660944593 1.0861441101084048 1.1799825899777718 1.2009696163997192 1.2560896256638796
214 2140 -0.2145128253294685 -0.09051306627866089 0.06134388967165344 0.3744216682910743 0.6037023702771476 0.7108319960149235 0.835180318152238 0.9153465685477686 0.9479749302472925 1.050743660944593 1.0861441101084048 1.1799825899777718 1.2009696163997192 1.2560896256638796
215 2150 -0.2161988239688133 -0.09096880682055995 0.07029639287410484 0.3766115570979905 0.6037023702771476 0.7108319960149235 0.835180318152238 0.9153465685477686 0.9479749302472925 1.050743660944593 1.0861441101084048 1.1799825899777718 1.2009696163997192 1.2560896256638796
216 2160 -0.22757926994085664 -0.10005236471816278 0.04886228317954412 0.3735409031263789 0.6037023702771476 0.7108319960149235 0.835180318152238 0.9153465685477686 0.9479749302472925 1.050743660944593 1.0861441101084048 1.1799825899777718 1.2009696163997192 1.2560896256638796
217 2170 -0.22674926359503703 -0.1020299494090913 0.06513890673102697 0.4070814635303804 0.6037023702771476 0.7108319960149235 0.835180318152238 0.9153465685477686 0.9479749302472925 1.050743660944593 1.0861441101084048 1.1799825899777718 1.2009696163997192 1.2560896256638796
218 2180 -0.21623056415081296 -0.11119381430586533 0.06762664216716367 0.4092202000432579 0.6037023702771476 0.7108319960149235 0.835180318152238 0.9153465685477686 0.9479749302472925 1.050743660944593 1.0861441101084048 1.1799825899777718 1.2009696163997192 1.2560896256638796
219 2190 -0.19711030943860172 -0.10023870286819982 0.07712515301418646 0.40351242605359566 0.6037023702771476 0.7108319960149235 0.835180318152238 0.9153465685477686 0.9479749302472925 1.050743660944593 1.0861441101084048 1.1799825899777718 1.2009696163997192 1.2560896256638796
220 2200 -0.19099905144465487 -0.0885690920536267 0.08633847676113666 0.42471452530502674 0.6037023702771476 0.7108319960149235 0.835180318152238 0.9153465685477686 0.9479749302472925 1.050743660944593 1.0861441101084048 1.1799825899777718 1.2009696163997192 1.2560896256638796
221 2210 -0.20754474228538206 -0.08107186969531205 0.09351996111754951 0.4072654878769892 0.6001413979438343 0.7364361099020003 0.8081906934098965 0.8813224855520168 0.956566102369918 1.0348118813507503 1.0933996132425683 1.1692550546886802 1.1856294978212611 1.3089457195799592
222 2220 -0.20770900404972295 -0.11583846193062194 0.0764236190786875 0.362102962028542 0.6001413979438343 0.7364361099020003 0.8081906934098965 0.8813224855520168 0.956566102369918 1.0348118813507503 1.0933996132425683 1.1692550546886802 1.1856294978212611 1.3089457195799592
223 2230 -0.2096924955296053 -0.1210215589834576 0.08464488892240327 0.33677475178714483 0.6001413979438343 0.7364361099020003 0.8081906934098965 0.8813224855520168 0.956566102369918 1.0348118813507503 1.0933996132425683 1.1692550546886802 1.1856294978212611 1.3089457195799592
224 2240 -0.2330755123626693 -0.1332808868827235 0.09357807840718958 0.3571263286947525 0.6001413979438343 0.7364361099020003 0.8081906934098965 0.8813224855520168 0.956566102369918 1.0348118813507503 1.0933996132425683 1.1692550546886802 1.1856294978212611 1.3089457195799592
225 2250 -0.23970913753098477 -0.1410067812471265 0.09440647778587513 0.3741354016584403 0.6001413979438343 0.7364361099020003 0.8081906934098965 0.8813224855520168 0.956566102369918 1.0348118813507503 1.0933996132425683 1.1692550546886802 1.1856294978212611 1.3089457195799592
226 2260 -0.22869128689438561 -0.13102094218510899 0.10249717444616031 0.3525525275084446 0.6001413979438343 0.7364361099020003 0.8081906934098965 0.8813224855520168 0.956566102369918 1.0348118813507503 1.0933996132425683 1.1692550546886802 1.1856294978212611 1.3089457195799592
227 2270 -0.21131285987798076 -0.13038950087544762 0.09405403551849273 0.35789463947713995 0.6001413979438343 0.7364361099020003 0.8081906934098965 0.8813224855520168 0.956566102369918 1.0348118813507503 1.0933996132425683 1.1692550546886802 1.1856294978212611 1.3089457195799592
228 2280 -0.2086599365603593 -0.1179501315092555 0.09547654234465397 0.3563893633651378 0.6001413979438343 0.7364361099020003 0.8081906934098965 0.8813224855520168 0.956566102369918 1.0348118813507503 1.0933996132425683 1.1692550546886802 1.1856294978212611 1.3089457195799592
229 2290 -0.22142335464330015 -0.1236127947192949 0.08808447169493894 0.3642187753142765 0.6001413979438343 0.7364361099020003 0.8081906934098965 0.8813224855520168 0.956566102369918 1.0348118813507503 1.0933996132425683 1.1692550546886802 1.1856294978212611 1.3089457195799592
230 2300 -0.2369561366391085 -0.1253577873071236 0.08964637837035064 0.36970928168494743 0.6001413979438343 0.7364361099020003 0.8081906934098965 0.8813224855520168 0.956566102369918 1.0348118813507503 1.0933996132425683 1.1692550546886802 1.1856294978212611 1.3089457195799592
231 2310 -0.24388881552432312 -0.11265583160457654 0.08467872787245005 0.34422974131114975 0.6282368804066738 0.7841316222235769 0.8003040277466175 0.8356876406414758 0.8943256707185013 0.9698699041963571 1.0550191954319277 1.1910655146463982 1.2447923666403056 1.3527449930603683
232 2320 -0.23311786920765387 -0.1068370023414652 0.08432349907017891 0.3646032376612419 0.6282368804066738 0.7841316222235769 0.8003040277466175 0.8356876406414758 0.8943256707185013 0.9698699041963571 1.0550191954319277 1.1910655146463982 1.2447923666403056 1.3527449930603683
233 2330 -0.2672680226471418 -0.09768798086292556 0.08800286111027442 0.35359363060298843 0.6282368804066738 0.7841316222235769 0.8003040277466175 0.8356876406414758 0.8943256707185013 0.9698699041963571 1.0550191954319277 1.1910655146463982 1.2447923666403056 1.3527449930603683
234 2340 -0.2500620662663451 -0.09876722209140723 0.09304717639741965 0.34995433041940294 0.6282368804066738 0.7841316222235769 0.8003040277466175 0.8356876406414758 0.8943256707185013 0.9698699041963571 1.0550191954319277 1.1910655146463982 1.2447923666403056 1.3527449930603683
235 2350 -0.24031058352192788 -0.10951483571679406 0.08589142342847994 0.33037855156674023 0.6282368804066738 0.7841316222235769 0.8003040277466175 0.8356876406414758 0.8943256707185013 0.9698699041963571 1.0550191954319277 1.1910655146463982 1.2447923666403056 1.3527449930603683
236 2360 -0.24395490001597983 -0.10236168903860045 0.09013679814181355 0.32764058018342146 0.6282368804066738 0.7841316222235769 0.8003040277466175 0.8356876406414758 0.8943256707185013 0.9698699041963571 1.0550191954319277 1.1910655146463982 1.2447923666403056 1.3527449930603683
237 2370 -0.22031893927891544 -0.13843193911650792 0.06790207681183359 0.3078102513717745 0.6282368804066738 0.7841316222235769 0.8003040277466175 0.8356876406414758 0.8943256707185013 0.9698699041963571 1.0550191954319277 1.1910655146463982 1.2447923666403056 1.3527449930603683
238 2380 -0.251870336978936 -0.1391886420363058 0.08923317939638856 0.3023554275146542 0.6282368804066738 0.7841316222235769 0.8003040277466175 0.8356876406414758 0.8943256707185013 0.9698699041963571 1.0550191954319277 1.1910655146463982 1.2447923666403056 1.3527449930603683
239 2390 -0.24823958277798686 -0.13725711580944483 0.07570051910995215 0.31532748471749933 0.6282368804066738 0.7841316222235769 0.8003040277466175 0.8356876406414758 0.8943256707185013 0.9698699041963571 1.0550191954319277 1.1910655146463982 1.2447923666403056 1.3527449930603683
240 2400 -0.2562001881812569 -0.14339242418294867 0.08812919536827496 0.33923124641520475 0.6282368804066738 0.7841316222235769 0.8003040277466175 0.8356876406414758 0.8943256707185013 0.9698699041963571 1.0550191954319277 1.1910655146463982 1.2447923666403056 1.3527449930603683
241 2410 -0.26876932251854907 -0.15479764065109883 0.09726443171788204 0.3216035961805074 0.6326709405470725 0.7612775260965976 0.8124220208889402 0.8760841952046914 0.907516789748807 0.948785055618964 0.9897210244470058 1.1039923992036358 1.2909601763689986 1.4156009487106314
242 2420 -0.26892499906547446 -0.14998385540517647 0.10643262567314651 0.3479062270474112 0.6326709405470725 0.7612775260965976 0.8124220208889402 0.8760841952046914 0.907516789748807 0.948785055618964 0.9897210244470058 1.1039923992036358 1.2909601763689986 1.4156009487106314
243 2430 -0.2492056781829266 -0.1178582677084795 0.08556796818353005 0.3340168072515927 0.6326709405470725 0.7612775260965976 0.8124220208889402 0.8760841952046914 0.907516789748807 0.948785055618964 0.9897210244470058 1.1039923992036358 1.2909601763689986 1.4156009487106314
244 2440 -0.27191636033198896 -0.11706711839588363 0.07259736902933317 0.32558702510200505 0.6326709405470725 0.7612775260965976 0.8124220208889402 0.8760841952046914 0.907516789748807 0.948785055618964 0.9897210244470058 1.1039923992036358 1.2909601763689986 1.4156009487106314
245 2450 -0.2829685445621399 -0.10202976477464254 0.07352436013589723 0.33586626224270044 0.6326709405470725 0.7612775260965976 0.8124220208889402 0.8760841952046914 0.907516789748807 0.948785055618964 0.9897210244470058 1.1039923992036358 1.2909601763689986 1.4156009487106314
246 2460 -0.26528027685072764 -0.11831504062748864 0.053261139157103496 0.3406702372538451 0.6326709405470725 0.7612775260965976 0.8124220208889402 0.8760841952046914 0.907516789748807 0.948785055618964 0.9897210244470058 1.1039923992036358 1.2909601763689986 1.4156009487106314
247 2470 -0.2667001994431253 -0.11646379148998022 0.08808688696054238 0.3385717397817532 0.6326709405470725 0.7612775260965976 0.8124220208889402 0.8760841952046914 0.907516789748807 0.948785055618964 0.9897210244470058 1.1039923992036358 1.2909601763689986 1.4156009487106314
248 2480 -0.2717510414335407 -0.12182449992150823 0.09147572084717068 0.3258167168184783 0.6326709405470725 0.7612775260965976 0.8124220208889402 0.8760841952046914 0.907516789748807 0.948785055618964 0.9897210244470058 1.1039923992036358 1.2909601763689986 1.4156009487106314
249 2490 -0.27440006299163144 -0.11491290624871868 0.08407635209795751 0.35214687527278954 0.6326709405470725 0.7612775260965976 0.8124220208889402 0.8760841952046914 0.907516789748807 0.948785055618964 0.9897210244470058 1.1039923992036358 1.2909601763689986 1.4156009487106314
250 2500 -0.30361383303657824 -0.11884087216024002 0.1013038797694575 0.34271736362459715 0.6326709405470725 0.7612775260965976 0.8124220208889402 0.8760841952046914 0.907516789748807 0.948785055618964 0.9897210244470058 1.1039923992036358 1.2909601763689986 1.4156009487106314
251 2510 -0.2876887796939577 -0.10523896329612836 0.07218109167357042 0.3163195954944248 0.6762260351860577 0.7736974202953825 0.8215451007717571 0.8933607368144427 0.9318342050678813 0.986557112867058 1.0311320466597826 1.106300429927464 1.2020854533795313 1.3774351504389823
252 2520 -0.2791529974784019 -0.1006354265482611 0.09132329244755985 0.30509822527859864 0.6762260351860577 0.7736974202953825 0.8215451007717571 0.8933607368144427 0.9318342050678813 0.986557112867058 1.0311320466597826 1.106300429927464 1.2020854533795313 1.3774351504389823
253 2530 -0.2565323060971965 -0.10426170739081313 0.08586185174221365 0.2991628025666951 0.6762260351860577 0.7736974202953825 0.8215451007717571 0.8933607368144427 0.9318342050678813 0.986557112867058 1.0311320466597826 1.106300429927464 1.2020854533795313 1.3774351504389823
254 2540 -0.2899016848790864 -0.09332313868012025 0.09260885749210228 0.28113957590464655 0.6762260351860577 0.7736974202953825 0.8215451007717571 0.8933607368144427 0.9318342050678813 0.986557112867058 1.0311320466597826 1.106300429927464 1.2020854533795313 1.3774351504389823
255 2550 -0.25307668985912185 -0.10312390009463904 0.06703618834260924 0.29800455215807536 0.6762260351860577 0.7736974202953825 0.8215451007717571 0.8933607368144427 0.9318342050678813 0.986557112867058 1.0311320466597826 1.106300429927464 1.2020854533795313 1.3774351504389823
256 2560 -0.2486912095477652 -0.09521811619992826 0.08193130198433807 0.28712052262196097 0.6762260351860577 0.7736974202953825 0.8215451007717571 0.8933607368144427 0.9318342050678813 0.986557112867058 1.0311320466597826 1.106300429927464 1.2020854533795313 1.3774351504389823
257 2570 -0.24249662958248466 -0.09806742151854096 0.08799440915606979 0.35763590189750694 0.6762260351860577 0.7736974202953825 0.8215451007717571 0.8933607368144427 0.9318342050678813 0.986557112867058 1.0311320466597826 1.106300429927464 1.2020854533795313 1.3774351504389823
258 2580 -0.2250815989649962 -0.08543180901912191 0.07507459892301012 0.35580981124011907 0.6762260351860577 0.7736974202953825 0.8215451007717571 0.8933607368144427 0.9318342050678813 0.986557112867058 1.0311320466597826 1.106300429927464 1.2020854533795313 1.3774351504389823
259 2590 -0.23070701436733954 -0.08713845295211328 0.09373754636010236 0.3695569409304514 0.6762260351860577 0.7736974202953825 0.8215451007717571 0.8933607368144427 0.9318342050678813 0.986557112867058 1.0311320466597826 1.106300429927464 1.2020854533795313 1.3774351504389823
260 2600 -0.2210153585473715 -0.08194401191837852 0.10307667943987947 0.33804013151779744 0.6762260351860577 0.7736974202953825 0.8215451007717571 0.8933607368144427 0.9318342050678813 0.986557112867058 1.0311320466597826 1.106300429927464 1.2020854533795313 1.3774351504389823
261 2610 -0.19449588604461795 -0.08900282279557675 0.09432510406681825 0.3321606115055536 0.7298456044054001 0.7741156948997414 0.8475919424613394 0.867206095522594 0.9468394378487074 1.013611503203607 1.0587755365518963 1.071854479167103 1.1759734693469297 1.3494099855831638
262 2620 -0.20934272744791785 -0.06999824772303104 0.10079103069743131 0.30668272673625474 0.7298456044054001 0.7741156948997414 0.8475919424613394 0.867206095522594 0.9468394378487074 1.013611503203607 1.0587755365518963 1.071854479167103 1.1759734693469297 1.3494099855831638
263 2630 -0.21530473384836157 -0.07313437548761383 0.10464185745264123 0.30057594749998945 0.7298456044054001 0.7741156948997414 0.8475919424613394 0.867206095522594 0.9468394378487074 1.013611503203607 1.0587755365518963 1.071854479167103 1.1759734693469297 1.3494099855831638
264 2640 -0.1816853492837648 -0.08444839931261218 0.09835339340825842 0.2826851982081247 0.7298456044054001 0.7741156948997414 0.8475919424613394 0.867206095522594 0.9468394378487074 1.013611503203607 1.0587755365518963 1.071854479167103 1.1759734693469297 1.3494099855831638
265 2650 -0.20236405079568828 -0.09740959677711059 0.1138713016518389 0.29086147158304637 0.7298456044054001 0.7741156948997414 0.8475919424613394 0.867206095522594 0.9468394378487074 1.013611503203607 1.0587755365518963 1.071854479167103 1.1759734693469297 1.3494099855831638
266 2660 -0.18403801105983666 -0.08207959770199999 0.11833131769845576 0.27089489947537365 0.7298456044054001 0.7741156948997414 0.8475919424613394 0.867206095522594 0.9468394378487074 1.013611503203607 1.0587755365518963 1.071854479167103 1.1759734693469297 1.3494099855831638
267 2670 -0.2099424839299483 -0.08611853115264437 0.1229368561626476 0.3044728426895293 0.7298456044054001 0.7741156948997414 0.8475919424613394 0.867206095522594 0.9468394378487074 1.013611503203607 1.0587755365518963 1.071854479167103 1.1759734693469297 1.3494099855831638
268 2680 -0.23508994349913045 -0.09302264490380299 0.11819985704602609 0.28394882581827113 0.7298456044054001 0.7741156948997414 0.8475919424613394 0.867206095522594 0.9468394378487074 1.013611503203607 1.0587755365518963 1.071854479167103 1.1759734693469297 1.3494099855831638
269 2690 -0.2036273285198823 -0.07188981488364553 0.10712943888437351 0.2521971095863559 0.7298456044054001 0.7741156948997414 0.8475919424613394 0.867206095522594 0.9468394378487074 1.013611503203607 1.0587755365518963 1.071854479167103 1.1759734693469297 1.3494099855831638
270 2700 -0.21594707265943197 -0.06233590068970659 0.10319999088034951 0.2579533789456014 0.7298456044054001 0.7741156948997414 0.8475919424613394 0.867206095522594 0.9468394378487074 1.013611503203607 1.0587755365518963 1.071854479167103 1.1759734693469297 1.3494099855831638
271 2710 -0.2407057495150804 -0.0717573780861149 0.09939250395949824 0.27284520244986354 0.7158602212226886 0.7519888646665294 0.822005910941397 0.8571113529998331 0.9351779954287309 1.0269337756156134 1.0594961611525384 1.134203327183664 1.1612661080456381 1.3509567583026427
272 2720 -0.2370699672514167 -0.07725963556278617 0.10768236443983503 0.30967634712915354 0.7158602212226886 0.7519888646665294 0.822005910941397 0.8571113529998331 0.9351779954287309 1.0269337756156134 1.0594961611525384 1.134203327183664 1.1612661080456381 1.3509567583026427
273 2730 -0.23247296724665387 -0.0729884652425367 0.13115308559424735 0.2901379880277126 0.7158602212226886 0.7519888646665294 0.822005910941397 0.8571113529998331 0.9351779954287309 1.0269337756156134 1.0594961611525384 1.134203327183664 1.1612661080456381 1.3509567583026427
274 2740 -0.22983550481781062 -0.07486502889094883 0.11574927157636714 0.28788821208565524 0.7158602212226886 0.7519888646665294 0.822005910941397 0.8571113529998331 0.9351779954287309 1.0269337756156134 1.0594961611525384 1.134203327183664 1.1612661080456381 1.3509567583026427
275 2750 -0.20610600279709457 -0.0713709017501381 0.11858417573711598 0.28820413300277015 0.7158602212226886 0.7519888646665294 0.822005910941397 0.8571113529998331 0.9351779954287309 1.0269337756156134 1.0594961611525384 1.134203327183664 1.1612661080456381 1.3509567583026427
276 2760 -0.18257516542075278 -0.03883147194103184 0.13111459612677528 0.3246934134375282 0.7158602212226886 0.7519888646665294 0.822005910941397 0.8571113529998331 0.9351779954287309 1.0269337756156134 1.0594961611525384 1.134203327183664 1.1612661080456381 1.3509567583026427
277 2770 -0.1790681936334402 -0.03463837625735586 0.1402363907349422 0.34205682383820424 0.7158602212226886 0.7519888646665294 0.822005910941397 0.8571113529998331 0.9351779954287309 1.0269337756156134 1.0594961611525384 1.134203327183664 1.1612661080456381 1.3509567583026427
278 2780 -0.17160840850395703 -0.027438445799249967 0.14982677719258103 0.34754884005033393 0.7158602212226886 0.7519888646665294 0.822005910941397 0.8571113529998331 0.9351779954287309 1.0269337756156134 1.0594961611525384 1.134203327183664 1.1612661080456381 1.3509567583026427
278 2780 -0.17160840850395703 -0.027438445799249967 0.14982677719258103 0.34754884005033393 0.7158602212226886 0.7519888646665294 0.822005910941397 0.8571113529998331 0.9351779954287309 1.0269337756156134 1.0594961611525384 1.134203327183664 1.1612661080456381 1.3509567583026427
