% # columns="iteration, evaluation, sigma, void, void,  stds==sigma*sigma_vec.scaling*sqrt(diag(C))", seed=263313, Fri Feb 27 12:03:28 2026, <python>{}</python>
1 10 0.484577052143661 0 0 0.475284474533296 0.46802992248545955 0.49383898257505787 0.47919703549609705 0.4727844452411379 0.49006581907660324 0.48212364215845793 0.4787989522206131 0.48941976545209503 0.4944558642570439
2 20 0.43230307113000094 0 0 0.424520066514086 0.41607867752495586 0.44037668211725534 0.4260779281694283 0.4158762507581692 0.42234393608263077 0.4257090872931591 0.40937779041834327 0.44420732125466755 0.4330414635731238
3 30 0.4021389575804499 0 0 0.3880232788716321 0.39168298808565505 0.4024027431349901 0.39196643394825104 0.3842163395365262 0.3857702351901722 0.38940726894783856 0.3969541811613233 0.4263624864075846 0.40740077240483746
4 40 0.3889358896128385 0 0 0.3721640583093614 0.37343952291221083 0.382968025868156 0.3852224594448873 0.3717822528238741 0.3682143000580656 0.37238584505197664 0.38674351293211356 0.4080715640538087 0.3891160834958569
5 50 0.3528765853328567 0 0 0.3315189918439122 0.33208248447715005 0.35038873967664336 0.3546893962131018 0.33498236241613577 0.3343932826388452 0.3287893329270085 0.3478178568101678 0.37076353508437626 0.35425904995272756
6 60 0.33396435169366984 0 0 0.3143891550373669 0.3106690679621706 0.32389326632712123 0.32382244852210734 0.3193165688347176 0.3110550860041006 0.3063938567085603 0.3331750742078389 0.352104429423382 0.3307751927982254
7 70 0.3575059254062385 0 0 0.32807205211879276 0.32859347521581145 0.338988918836857 0.34208906692331714 0.3541037007049133 0.3283970410571632 0.3193083792742992 0.3790194115102989 0.389351082022544 0.35712977626395614
8 80 0.39547077769395356 0 0 0.35933012491714894 0.3806935279278221 0.36742758982699836 0.3651474756912068 0.40107906415564354 0.3755593393648859 0.3546810026176556 0.43515975462625467 0.4527237219870742 0.38396257529837113
9 90 0.41444527610361165 0 0 0.377504760558416 0.39257904621403567 0.37801036680171834 0.37269569140467357 0.41576362438116643 0.4119364656918047 0.36764110404239386 0.4540801676297101 0.4840269483336701 0.39938315907723726
10 100 0.4318947626657091 0 0 0.40285479670360286 0.4031885164282951 0.39106751201491813 0.38305584052779096 0.43192451087851086 0.4449648366546026 0.37526038823820373 0.4775082642485873 0.5172145841209568 0.411577459715043
11 110 0.446652753256327 0 0 0.4211152366742213 0.41025396227007066 0.39791522099882376 0.3952417744097576 0.45181602577770835 0.47589423770004236 0.38060117507693325 0.4871164010141389 0.5351755921102188 0.4168088211288417
12 120 0.4695571161462018 0 0 0.4435356938352375 0.42762441035823 0.42039113452534654 0.4089990075237132 0.47550714799709376 0.5141445528577187 0.3940962398813277 0.5025061288239618 0.5726725757263503 0.43628613831246554
13 130 0.4400701591289131 0 0 0.41375025380016955 0.3968581912156642 0.3935532313466391 0.3840461100619005 0.4394072586621945 0.48803947684894455 0.3587733364007836 0.4524050244551638 0.5372642163015195 0.40038550758247
14 140 0.46244122311352437 0 0 0.4387752732416829 0.42534805007919896 0.43279711106362156 0.3845637428785341 0.4641077889956211 0.5238308901574055 0.37482300253816514 0.4733720163794529 0.5542669722326532 0.4242278589540368
15 150 0.4978674106262282 0 0 0.4761372089769473 0.46566861960563655 0.4673712730672682 0.41473269392005674 0.5071707848279048 0.582485592270078 0.39602546835725194 0.4925769330545824 0.601846409557833 0.4654673333543977
16 160 0.51709602961097 0 0 0.4901567015313252 0.4957818197838871 0.4830043544707718 0.44560832831172503 0.5188810863667307 0.5973134142592841 0.41314426951157984 0.5179177534671133 0.6533059668782452 0.4851291838926875
17 170 0.4960371900050114 0 0 0.47624028617302555 0.472284336344311 0.4674414510137061 0.4348598807082724 0.48632635621667225 0.5628293295665482 0.4024940448693191 0.493951048565168 0.6298234583236976 0.4462174250064578
18 180 0.48102395623498223 0 0 0.4733151691293141 0.4403954484636262 0.45508457516736756 0.4286327546378896 0.45948349320936893 0.537177768070207 0.3898036162985147 0.47268322558875536 0.5951391695584735 0.42828801776183545
19 190 0.505826541359457 0 0 0.5177640895549462 0.44776740200796616 0.4831923808803117 0.4424983934108978 0.4682466451870817 0.5716806607710623 0.40403278932319764 0.500782950566362 0.6258189753329325 0.45045850263031684
20 200 0.48213054490472473 0 0 0.4911748957802358 0.41789243698595635 0.4577673711725195 0.42681234485865555 0.45206404479722245 0.543563045209626 0.37759438995432903 0.47905314526695647 0.5935084478069553 0.4179883237982522
21 210 0.45670328651517395 0 0 0.4574824767287556 0.3980401246285544 0.4250243584475439 0.41086322715762374 0.4349041259611931 0.5123009367266521 0.35716878487674214 0.4464263935231659 0.5728941151750866 0.3886156208962331
22 220 0.44143642241839454 0 0 0.4424510079375848 0.3902404855819203 0.4177270370572592 0.3864576106621487 0.4239542319101401 0.48649046458545325 0.3383950815635328 0.4289498112526452 0.5708489815098329 0.375786646352548
23 230 0.4538557093589054 0 0 0.44544990097058973 0.3928440228009199 0.4361887428888528 0.4066362300083715 0.43784438669190345 0.4908075911321766 0.3531627950930539 0.43769837494535324 0.5686951414833584 0.38654725517732
24 240 0.4758182682219473 0 0 0.4773928948931733 0.41631299666011873 0.456115366168436 0.41784368709980285 0.45309943109147355 0.5115906841301832 0.366744965239445 0.4611336929297982 0.606685451824343 0.4014032553101408
25 250 0.4622125202270692 0 0 0.46577277829760466 0.40764261323159817 0.444174389367336 0.3968975211686455 0.4264221575267181 0.5001141217414246 0.36440678200415716 0.4467289071325418 0.5849302604211206 0.38349083603638734
26 260 0.44111953442736146 0 0 0.4485817811358851 0.375761744782058 0.432495773412023 0.37379104347384984 0.3977421530847928 0.46755241890025545 0.35331585797685766 0.42054251751384486 0.562566820574043 0.3549442691641603
27 270 0.4155552839941253 0 0 0.428845297392795 0.3549182998592098 0.4100107696607739 0.3616569208453488 0.37714685825682775 0.4427786160100025 0.33250254301017396 0.37821392074260024 0.5374526403382934 0.3258222958578072
28 280 0.4248339325323427 0 0 0.4362512532526361 0.3591188320584967 0.4111731170605469 0.3732164040888781 0.37966732510450973 0.4632610521408947 0.34526280576823887 0.3798726910216256 0.5402619161202716 0.3449727258682685
29 290 0.4039966379874474 0 0 0.41205437699599906 0.3365907004483032 0.38905113624492205 0.35015339274841173 0.3593534949564775 0.4416226509743762 0.3345458897408229 0.36714936318568747 0.5052612612030443 0.327642385237801
30 300 0.40416246006774303 0 0 0.4106586306395232 0.334056728793851 0.38866926331070245 0.34577808002396104 0.3490257114488951 0.44831630911644815 0.32792577062959155 0.3618996625424766 0.5126971251219984 0.32106052490252707
31 310 0.4218942043856762 0 0 0.4298093102803416 0.35251810654281224 0.40034106850931017 0.3566116806953858 0.35428514817781326 0.4665507540413313 0.3417672318618171 0.3870814816117021 0.5640372389001503 0.33688859438575725
32 320 0.4581442472542208 0 0 0.46679331036249144 0.3947733365409512 0.4310124207048951 0.38735989702742035 0.3675644988688762 0.5089207826470792 0.382642020168349 0.45038768924061395 0.6109647804280517 0.3658423180692486
33 330 0.4436945838476183 0 0 0.45173932016128576 0.3822001183340444 0.41502925324358303 0.37148687978841133 0.34535975411388653 0.4805630423033853 0.3722165612314481 0.4352722527619769 0.5881461273649342 0.3529627697339343
34 340 0.4165140062261954 0 0 0.41893841181061325 0.37734116899106385 0.38442583209918774 0.3414560919329576 0.3251058189856255 0.44915473489255603 0.3461695434211592 0.4020577660150484 0.5504284698725235 0.33187789234541415
35 350 0.40958767468099316 0 0 0.408375742341604 0.3712863464768368 0.36785849004505433 0.32654714207631735 0.3163465730847103 0.43722174659437213 0.3517026098011014 0.38970065941760507 0.5451661127732507 0.31417869626140127
36 360 0.3933012593689513 0 0 0.38969806937841256 0.34473635511635536 0.3486411027109686 0.3126695862278383 0.3112947804331126 0.417452653552139 0.33731357452762933 0.36610489459619594 0.5161366044257589 0.30395498669738635
37 370 0.38991909520690576 0 0 0.3898757289105149 0.33813667072772347 0.34058496906835756 0.31682910764412214 0.2905290510844224 0.422961179684233 0.34720053019885344 0.362331441489193 0.5097685347522892 0.30302566775175693
38 380 0.3557239176188463 0 0 0.3559021650565217 0.30566918914111313 0.3115994404577102 0.28162217801862394 0.2583604256823777 0.3849044759133218 0.31772400027162956 0.3362834567146684 0.4499448574558317 0.27175720170551365
39 390 0.332488826963991 0 0 0.33902447737969604 0.28395280603808837 0.27408508551108907 0.2565381493871339 0.239115057521981 0.35816893721062304 0.3017621722813569 0.3166340365643231 0.42841134528637287 0.24877779462928226
40 400 0.33555182402562317 0 0 0.33897876009175987 0.28612841956235174 0.2908951592736687 0.2590349039146881 0.23886926755618518 0.3615575894357444 0.30102351959922546 0.3277377416902192 0.4360170201557212 0.2450133794083843
41 410 0.33585698621954685 0 0 0.33408546543921686 0.29015934247457403 0.30679963215163447 0.2504816326770948 0.23744771072338308 0.36467164561626875 0.29778343934131674 0.32418561044914296 0.42145646844914164 0.2455583244899604
42 420 0.3308371226497591 0 0 0.327904357081259 0.28861098331902285 0.3069956614984655 0.2450098197822899 0.23691288614017322 0.3526388150692139 0.2856679349063335 0.31803596920596794 0.41478263694469525 0.22719010894705868
43 430 0.3008722342893263 0 0 0.29613443844698406 0.26475966663032746 0.28937053068952584 0.21789693306253996 0.21200094112906898 0.3141612671849539 0.2495352299007461 0.28870172729821586 0.3787205682880279 0.20069677106105369
44 440 0.2940200868681659 0 0 0.28750360066437636 0.2649771516033791 0.28160266902011755 0.20576516055789007 0.20689822599375987 0.30282963705941635 0.2434122922183202 0.2919485315753574 0.3704363918492896 0.19634667471110592
45 450 0.29414779152485016 0 0 0.28812776008052415 0.2648656863943063 0.2751944688652989 0.20120705405386644 0.20708408073859658 0.2991225231173848 0.2440824430279879 0.3040411283143436 0.36350214190358693 0.19383393129124563
46 460 0.32707861359630885 0 0 0.32369514574145847 0.30257397398133284 0.30392218235749197 0.2204743116897115 0.2283271196314691 0.3421009771197787 0.26571278512076874 0.37490109090641394 0.40895820577119535 0.20807112292025248
47 470 0.30763561228766145 0 0 0.30159088639311166 0.2830648618020915 0.2819460624366208 0.2024246726095039 0.21153523779186734 0.3299095599210531 0.23781874500588365 0.35986410713920436 0.37788938928306803 0.192850740530965
48 480 0.2824270314985813 0 0 0.2715526413774821 0.26100990727467693 0.2553562472192935 0.1848930379937252 0.1894208813186293 0.3054103621132508 0.2122483786315602 0.3357948214974728 0.34425972086017237 0.18068615563916776
49 490 0.28662406873699486 0 0 0.2672178526274142 0.25795481336115234 0.2615648773844507 0.18599559687199665 0.1970261763385151 0.3087678065036753 0.21455409943010634 0.34237204275228117 0.3389972997906879 0.18923037360900172
50 500 0.3030837300001033 0 0 0.28054178559048304 0.27004750707569686 0.27645110243062154 0.19864153950474675 0.21613823717651884 0.32187762639864 0.2231540464410138 0.3560965846633916 0.35120500618779865 0.2007055692933842
51 510 0.29826388476795995 0 0 0.274289556262257 0.2571171302764377 0.26948159075479433 0.19305301802007996 0.21608749951138073 0.311697140646102 0.21589656809641447 0.3387556730894501 0.3509982316692419 0.19865953321469637
52 520 0.2757823326569161 0 0 0.2479063543859957 0.23665775645920198 0.25012056199273325 0.1767812716426084 0.20097130581917477 0.282547429289982 0.19228426486787803 0.3043247315838203 0.3160954198478541 0.18157673532818738
53 530 0.26172176918475615 0 0 0.23620298650619934 0.22265256092114208 0.2377197716816021 0.16721062171271278 0.18905061727557457 0.2550685394050992 0.1835640058336352 0.28410954679303885 0.30156979658102173 0.17313246895569354
54 540 0.25716518530309257 0 0 0.23099823515986467 0.21655541535323714 0.23314990015844514 0.16107543932933388 0.19081533183918648 0.2474263266567411 0.1772671296707826 0.2730225238127309 0.298008026861601 0.16952223329935232
55 550 0.24441472264580158 0 0 0.21588841266375616 0.20792564435378463 0.21943363237674676 0.15409276513195788 0.18331139856202264 0.23179537010577514 0.16649846488708187 0.2581511985448541 0.28231795799464227 0.1595187691665445
56 560 0.22776468299785002 0 0 0.19803619207964782 0.1946044479050426 0.19936377408386868 0.14319281751268187 0.17088796240810275 0.20847333897782394 0.15472836031577286 0.23624421871191217 0.25387303002220935 0.14656789995743633
57 570 0.20473835280079378 0 0 0.17427535199988198 0.1673064797420902 0.17807147343164526 0.1270813612764997 0.15141673238359113 0.18569073557089447 0.1401369139955483 0.20929629075448686 0.22369623050910256 0.1303966502352576
58 580 0.19603407863600317 0 0 0.16623257696759158 0.15934571988938487 0.17205035036334151 0.12171899545289974 0.1481112442153125 0.17583418050430502 0.13052264844321146 0.1984218452356761 0.20891273476660102 0.12357430925956142
59 590 0.18457209293501578 0 0 0.15553049486343082 0.14184148956197484 0.15658947914991297 0.11124781794687798 0.14089227583552663 0.1607363722669229 0.12292044174161698 0.1883752858721642 0.1938469231964322 0.11548612994961874
60 600 0.16214246300249593 0 0 0.13211696518853744 0.12179512683345563 0.13170388930519733 0.09822749129342495 0.1225475960895798 0.13699558283307303 0.10633561286964323 0.16442602535886988 0.1670605379843127 0.10260803265428498
61 610 0.14733380725810322 0 0 0.11781490601486348 0.10934670548573268 0.11951868577782787 0.0881224041578121 0.11067937094326297 0.12427658912116739 0.09714482947525642 0.14718369483804591 0.14554295647368817 0.09313192456361984
62 620 0.1416760586890668 0 0 0.11283992056475523 0.10504548631846782 0.11537165533156761 0.08522968915020246 0.10444970630155227 0.11850812358643555 0.09160245334780553 0.13906495164080873 0.1335312132931264 0.0907042510498341
63 630 0.13756210889507753 0 0 0.1111434916034101 0.10156196571200579 0.11381296173725558 0.0809470294647382 0.10057299047492808 0.11327136034940843 0.08732769890886379 0.12904614052397287 0.1286257336863015 0.0867419335802114
64 640 0.12565948744604225 0 0 0.10025986452530466 0.08936172424425458 0.10311440617230327 0.07443231116389937 0.09155178508978726 0.10293064704628221 0.07981065507605756 0.11704498926619342 0.11415052179244028 0.07846328907994521
65 650 0.11558763244946615 0 0 0.0921912968253698 0.08298347350423473 0.0910709245262106 0.06836519733914653 0.08355490147648159 0.09328337827582077 0.07267638396399266 0.1066233005139692 0.10458123411846805 0.07217423797553951
66 660 0.1083073517423798 0 0 0.0869606854060572 0.07666557398548322 0.08437528242076699 0.0627293564041146 0.07916603464047464 0.08578219652686311 0.0686052879298441 0.09913622077163282 0.09692014399392682 0.06487621673138785
67 670 0.10137840445851103 0 0 0.08243783471343138 0.07200786185971933 0.07834720078515546 0.05854564781257048 0.07247419750832286 0.07777470677812133 0.06394150457854833 0.09222508057207271 0.0883540823443956 0.06001912730015825
68 680 0.0952542984369754 0 0 0.07797850696460912 0.06609891533679846 0.07264978764274432 0.054931560326583154 0.06902828407175493 0.0720030917561299 0.05851989699682666 0.08498309828080601 0.08127517027454684 0.05624259475604178
69 690 0.08858245582804557 0 0 0.0718917320578674 0.06022413260958816 0.06599561853936806 0.05073110248917372 0.06269896491722889 0.06706674818597153 0.05490464141816506 0.07789008389801726 0.07429994072392174 0.05088819608079422
70 700 0.09287853719660091 0 0 0.07577934823457896 0.06307647748011902 0.06842893800755143 0.05279831620572516 0.06375123611609054 0.07066779788245971 0.05935217048225173 0.08256336766299219 0.0762604663286956 0.05547806921870353
71 710 0.09450967404258288 0 0 0.07413603832009401 0.06342975334886028 0.06937040837519408 0.05479164750485826 0.06255473863271092 0.07120153554885299 0.062135959356902526 0.08468598179974038 0.07718800004795309 0.056357996457369705
72 720 0.08996340954274701 0 0 0.06996901038562794 0.058524657491806 0.06572923571895464 0.051621015749055324 0.05814667663973604 0.06832674961064485 0.059658998293697384 0.07895904898003667 0.07297151916895851 0.05255395186493579
73 730 0.08784284572165386 0 0 0.06800471767280845 0.05751180463265833 0.06365756198280086 0.05012906381595303 0.054416355141957216 0.0648919252838186 0.0587625387368056 0.0773456609712957 0.07180414324660551 0.050267179826510675
74 740 0.08054030527259091 0 0 0.06132874021784121 0.05132424987072652 0.055881506880579586 0.0468646006734576 0.04996010499447125 0.058827165547185874 0.05284913055725153 0.07110267759917986 0.06364530792431887 0.04595406127676535
75 750 0.07172004596335677 0 0 0.054912619657715475 0.0455709504599846 0.0489775060170265 0.04042295490069483 0.045690380751544274 0.05124157288245716 0.04731361248567287 0.06294474054777413 0.05470286807943384 0.040120349729015646
76 760 0.06594562406207849 0 0 0.04878407814317852 0.041909225839080605 0.04574926108326477 0.03739464239918872 0.04178880023035333 0.046659649253382285 0.04438178521912378 0.055069132826554464 0.05028471294003748 0.03570131930285279
77 770 0.06292220992893696 0 0 0.04565431451383097 0.0399688652392518 0.04426498508539182 0.03491356375595861 0.03903410694036702 0.04551136216872683 0.041899708149714984 0.05235573054440361 0.046388991560498256 0.03483560396613492
78 780 0.059347406822640524 0 0 0.04266960178477131 0.03737131244220681 0.04209746814560288 0.03294179189875338 0.03569542053585488 0.04312031939457567 0.03960392778282211 0.04826128267403876 0.04211887549841588 0.03272385662263941
79 790 0.055971939250233915 0 0 0.04030427953973003 0.03392452219001827 0.038867665461981955 0.03092031540707881 0.03314518868451765 0.040246760851983 0.0360167292219538 0.04511583358628517 0.03940110484401613 0.030987954786934883
80 800 0.05016629511102265 0 0 0.035718389024238684 0.03034356319235031 0.034579603794594085 0.02649117951438042 0.029773990815227643 0.033898219710230354 0.03227550182923169 0.04007562136557566 0.0353985566518314 0.027257755889151164
81 810 0.046236769273404865 0 0 0.03203391857950107 0.028152927367153788 0.03140961650973802 0.02403749339499407 0.026524971032630705 0.030279951372476435 0.02952227604536512 0.037474939715474095 0.032557914234024925 0.02498869104776797
82 820 0.04289354998286311 0 0 0.028333980305310206 0.026147685973795517 0.028159093806843064 0.022188289764923246 0.024457015139239414 0.02809206226072705 0.02685173038914943 0.034673545461125554 0.030012609802895968 0.02294724290942528
83 830 0.04116535015174136 0 0 0.02672044751828426 0.02411264987473501 0.026786578804328314 0.021195032890100263 0.02271695780221949 0.027058030327210977 0.025670884866530762 0.03329819540850401 0.028264139809212326 0.022355224808568015
84 840 0.03909316965170688 0 0 0.025174634181123177 0.023093685947285683 0.02460787714239889 0.019782950009277493 0.02153236046982076 0.02481287504633874 0.024096759158789532 0.03171127726628456 0.026682853033239355 0.021330024302545984
85 850 0.03686257265508071 0 0 0.02362671636506064 0.021670519840951377 0.02264085198925113 0.01875953462455936 0.019610151673746943 0.023356550183579943 0.022743968710473052 0.02978665621747749 0.02499010091172281 0.019800149455376954
86 860 0.03367979663437589 0 0 0.02163896496965705 0.019689601271188087 0.02082450237896021 0.016730901777576856 0.018144824186269143 0.020653981905017726 0.020865441163830857 0.02736757431300985 0.022519747503763163 0.017542232531724676
87 870 0.030747448696141055 0 0 0.01955420645380109 0.017944764452132913 0.018970473574940652 0.014980476431098537 0.016100509496438778 0.019176830159992192 0.01879519272025198 0.024640532726070086 0.02016376241965736 0.015986100658940662
88 880 0.027169705567327247 0 0 0.017300295696522573 0.015656597738856456 0.01641371367356589 0.013084954067538467 0.013846310841480566 0.016920936909188958 0.01658123420537159 0.02160098311099669 0.017572142020907414 0.01369831997778567
89 890 0.02451412232752796 0 0 0.015597110253522235 0.013741019897915674 0.014732580181299307 0.011836679068826187 0.01244598411620625 0.015087654295731466 0.01462862217244318 0.01893682371068658 0.015184033060020825 0.012274113818645302
90 900 0.021498340207272013 0 0 0.013755695356527164 0.012002105366697297 0.012787018599810789 0.010378828661427716 0.010892313664076817 0.013119525875886051 0.012867192079109576 0.016374170678313836 0.013037078395300902 0.010284636314115187
91 910 0.02095746544044674 0 0 0.013846460840655694 0.011760174668663243 0.012187152600946197 0.01023965116837568 0.01062265295910205 0.012816280114199708 0.01256638986405504 0.015376756844976134 0.012697149321871975 0.009852155750211321
92 920 0.019438638813630598 0 0 0.012985303372697446 0.010822286204345022 0.011263916097290756 0.00938944615565054 0.009684124817911584 0.011696907345961557 0.010965278035477505 0.013989401651049834 0.011434892769816478 0.009201696056310436
93 930 0.01789301763139416 0 0 0.011946526114174356 0.009591307121868219 0.010041159962358133 0.008806641077203772 0.008854291974300453 0.010779941590535762 0.01006634842110039 0.012882245499839084 0.010115364347582131 0.00828722755621099
94 940 0.016860934452694536 0 0 0.01120216927963924 0.009203770190802554 0.00926628005592645 0.008198786898921376 0.008228700006016785 0.01001383421671642 0.009493436184077737 0.012104767215996787 0.00970322720244512 0.007668378405704649
95 950 0.014915036368103136 0 0 0.009671772283669966 0.008269475058814117 0.008066498877847765 0.007141585519263331 0.007102720457508829 0.008635798524401873 0.00832287687752507 0.0106493645192494 0.00853165574645029 0.006766479913049442
96 960 0.014092535756800395 0 0 0.009074184333383523 0.007502181005139628 0.007483488907725604 0.006823357564651737 0.006735548923797821 0.008168327380213837 0.0075194387573130905 0.01004359959150248 0.007871104788206587 0.006434988301641475
97 970 0.013936334788804561 0 0 0.008989349798721409 0.007408046769515344 0.007442821704642347 0.006740399862241195 0.0066138462123799206 0.007979155478087538 0.007359179499320386 0.00923280651737241 0.007797612319118712 0.006407251716679442
98 980 0.014307186128556117 0 0 0.00921056505685725 0.007646516704618079 0.007531584676805668 0.006953748797206331 0.006818787216616472 0.008087486043002322 0.00755390800044229 0.009402818247010128 0.007688549028670596 0.006749237215339285
99 990 0.013556943937263461 0 0 0.008622639755194969 0.0073549395695503795 0.0069140007477249 0.006623645879078064 0.006352703533469111 0.00759018800379465 0.007067830073930992 0.008631836837094734 0.007299387617379164 0.006428965796352155
100 1000 0.012974056144779875 0 0 0.00812104526622222 0.006855731236403228 0.006775435569032182 0.006376097602905506 0.0060914255093509504 0.007140456651179493 0.006754772876892789 0.008066486434106901 0.006943722485661797 0.00617293084948854
101 1010 0.01296581793889793 0 0 0.00787412335239965 0.006719803203621488 0.006827505925851742 0.006264111478489459 0.00609337549495497 0.007130440136034863 0.007213402159799165 0.007749042788922757 0.006913675044673559 0.006087852516648066
102 1020 0.012372063979686642 0 0 0.007550107290806674 0.00624653233888707 0.006512227734797074 0.006010624321813257 0.0058768456233912955 0.006853196527673975 0.006647626402220702 0.007205247709607054 0.0065764341853916785 0.005758588760530149
103 1030 0.01175168197124274 0 0 0.0069632911352335005 0.005882420165184916 0.006138295823286464 0.005688058597464375 0.005602945884564812 0.006536743772802104 0.006157813623515203 0.006827294047776425 0.006169008244472562 0.005508901248395294
104 1040 0.01072346651198721 0 0 0.006318375074950943 0.005329295507720471 0.005561509719973404 0.005148005633143516 0.005062876951145973 0.005758434407810566 0.005542156786137137 0.006002285821176568 0.005504708319666069 0.005021025608287503
105 1050 0.01029196224553258 0 0 0.006027963434336526 0.005077614423083202 0.005153444235417353 0.0049710825381600226 0.004817399543473618 0.0055878236772271 0.005307266353287013 0.005795887947771654 0.005309119589182295 0.004798488735526289
106 1060 0.009600122921097154 0 0 0.0056287139399823684 0.004665990042971205 0.004752401926632764 0.004556692645851631 0.0045358736899475845 0.0051898346565279274 0.004931757875951778 0.005293783934559748 0.004913716752847796 0.0043943337522274455
107 1070 0.008596066157174108 0 0 0.004923303354825329 0.004138346511541868 0.004217010427311959 0.003997937567137833 0.00405607196890249 0.004610302076558826 0.004415640003792766 0.004801580197517709 0.004275053507463394 0.00386148077078071
108 1080 0.00765947092642593 0 0 0.004412834918180532 0.0036252801542448134 0.0036639212689980514 0.003527643200265394 0.003547081712504054 0.004070083636214944 0.0039090232817904115 0.004223682000453352 0.003729921118789965 0.0034173115743464286
109 1090 0.00707927020499298 0 0 0.004045612410088876 0.0033466382197951663 0.0033995598846682886 0.003259515441789746 0.0032415960747565202 0.003753463646123323 0.003626419029290698 0.003914881992191101 0.0033074779374153546 0.003114689718025976
110 1100 0.006484808481265826 0 0 0.0036641141209397474 0.0030201142363011344 0.0030885120006270373 0.003035368379492566 0.00292811834294783 0.0033825770046072333 0.0032787702475727655 0.0035727560211592517 0.003024373082238423 0.002845912998540565
111 1110 0.006046155912282866 0 0 0.003304423911795942 0.002763887023152217 0.0028483031128105933 0.002811639246276096 0.002760378131068919 0.003215682271795688 0.003016534037388067 0.003323588596268955 0.0028216240405762156 0.002665852522843361
112 1120 0.005799185792952215 0 0 0.0030961903374107846 0.0026666739358265842 0.0026583979503721302 0.002646717299594637 0.0027018988990916183 0.0030253340920057045 0.002854563371968564 0.003220059047537344 0.002741927907934841 0.0024679859024819522
113 1130 0.005185356447901953 0 0 0.002747188934564474 0.0023610710282194105 0.002402472367689307 0.0023239666214437253 0.0024095765512710883 0.0026175853624110603 0.0024773038431263788 0.0028862370050328563 0.002437597487347593 0.002186760798171891
114 1140 0.005039255213711808 0 0 0.002687900711461936 0.0023133037501145747 0.0023339865233624256 0.002231114565062108 0.0022644845649059855 0.0024900000949736427 0.002412642173145321 0.002776189681197187 0.0024248662156718848 0.002123943526763776
115 1150 0.0049333226720940536 0 0 0.0025422792581599072 0.0022321933184696 0.00226279735753065 0.0022327447082112575 0.002227485021440817 0.0024299793325919766 0.0024033831406799367 0.0027240127409146777 0.002319503105505079 0.002050984946105425
116 1160 0.004770539905534296 0 0 0.0024076939071129857 0.002134088837849103 0.0021905780415659853 0.002123037059170638 0.002089712333637672 0.002321764958543756 0.0023348193347917166 0.0026734762407090835 0.002267392430338671 0.001965619600711347
117 1170 0.004433664219704502 0 0 0.0022046090668206234 0.0019650333066964145 0.0020284846425926515 0.0019937192448141465 0.0018866017945206898 0.0021126995917148043 0.002160796954770461 0.0024753158635177734 0.0020880105982496286 0.0018316169654692335
118 1180 0.004071210131988298 0 0 0.0020032461883657455 0.0017833667243658037 0.0017919816553410134 0.0018525175582846773 0.0016936568660214774 0.0019192560089460078 0.0019852445873994188 0.0022666883281840093 0.0018874811443083304 0.0016782579924548716
119 1190 0.0038263306119502255 0 0 0.0018731140488652794 0.0016893577663358952 0.0016385942668663358 0.0016940128238774384 0.0015868355680314786 0.0017683640209789724 0.001863537737883462 0.0021036181864905854 0.0017900060461004143 0.0015343790836448961
120 1200 0.0035331283107878178 0 0 0.0016720402446136515 0.0015896591469377788 0.0015084101408877715 0.0015686885851777573 0.0014569748573674023 0.001594624614297052 0.0016938895108935203 0.0018765319438720323 0.0016372405617981179 0.001427512914726252
121 1210 0.003182867648072328 0 0 0.0014947994134984423 0.0013596974630345597 0.0013414863076272356 0.0014145956923457324 0.0012973149101785139 0.0014108883443502568 0.0015025209892416175 0.0016745880862123576 0.0014475439646402667 0.0012734549226689341
122 1220 0.00293640068976209 0 0 0.0013258195585151768 0.001253958967804402 0.0012134810396961346 0.0012992354944884011 0.0011999870652171082 0.0012603160631418993 0.0013842679886847092 0.0015232114783603145 0.0013216267930664912 0.0011704419857752782
123 1230 0.002672223326199547 0 0 0.001226795861645326 0.0011109669685567395 0.0011053413460588696 0.0011585755804734727 0.0010882541011057426 0.0011305984434689022 0.0012627196018254172 0.0013465296796901604 0.0011915638598583903 0.0010637325734099616
124 1240 0.002569013870617327 0 0 0.0011384709922250657 0.0010448226276998202 0.0010747191118697862 0.0010936032593429892 0.0010488681250682326 0.0010821360999034022 0.0012149755615717577 0.0012779081406123567 0.0011536922013007538 0.0010256338714109716
125 1250 0.00238996471050804 0 0 0.0010562716900622102 0.0009639036705832768 0.000994404798496666 0.0010015242937671718 0.0009676326159398643 0.0010021595181406633 0.0011183546367995857 0.0011697847805687508 0.0010845779236365186 0.00092981398279064
126 1260 0.002318010225866847 0 0 0.0010213585939120582 0.0009258169233414902 0.0009520104334050232 0.0009718720735529935 0.0009102761485138273 0.0009717076253676311 0.0010639848280645729 0.0011227576528474008 0.0010696961609637568 0.0009058397636209809
127 1270 0.0024087626171494353 0 0 0.0010656613097270718 0.0009926279937317712 0.0009642820874282121 0.0010279934355883415 0.0009716732263451376 0.000974089444406312 0.0011001510788157815 0.0011567186422928228 0.0011037787543362555 0.0009408038513600352
128 1280 0.0024900374364921333 0 0 0.0011017782532849823 0.001047430076233221 0.0009780439614013813 0.0010455092576589081 0.0010484720290731672 0.0010219301376662559 0.0011302698305320925 0.0011749411288181032 0.001131930248659807 0.0009570194267302508
129 1290 0.0024056374079815535 0 0 0.0010551596876072781 0.0010193659003086366 0.0009115285714162367 0.0009968022499158354 0.0010106736756924678 0.0010056293915539798 0.0010916256294083173 0.0011280452654332702 0.0010386193026308162 0.0008964182069212578
130 1300 0.002307120735303601 0 0 0.000981342850359551 0.0009624534704658476 0.0008503100865041075 0.000946890755637761 0.0009699651813003924 0.0009410055742020078 0.0010505986158198162 0.0010766200881543824 0.001019962974466217 0.0008460095266358625
131 1310 0.0022958932578764795 0 0 0.0009643472958872765 0.0009712196834416139 0.0008179125502766541 0.0009414234419453521 0.0009797423153103135 0.000916784421091208 0.0010188505495988215 0.0010676658417680485 0.0010138806960472888 0.0008425083558142547
132 1320 0.002131638209263334 0 0 0.0008669159213237326 0.00088954181219782 0.000748600352893574 0.0008757732917911833 0.0009042961379477364 0.0008495840532455013 0.0009427772808018862 0.000975795387752377 0.0008890240996577872 0.0007831550881590722
133 1330 0.001909680919447783 0 0 0.0007728282900164553 0.0007910052827036591 0.0006568977687958314 0.0007763419891354126 0.0008074177180811299 0.0007489448819619312 0.0008171849929084926 0.0008606593162416959 0.0007827121118221758 0.0006854091441705619
134 1340 0.0018446109886910422 0 0 0.0007483823295216593 0.0007550084760983782 0.000612996877636771 0.0007496399593305031 0.0007473630271821557 0.0007352499575204222 0.000777076104775961 0.0008277816695754346 0.0007572148282161999 0.000666401889100759
135 1350 0.0017894738705609404 0 0 0.0007345338965035438 0.0007078722648651519 0.0005830090637776016 0.0007355335046224774 0.0007066304807640139 0.0007143470899559301 0.000747213153253647 0.0008100961209033305 0.0007225882951885748 0.0006416397558508149
136 1360 0.0016348557994704798 0 0 0.0006677225065681651 0.0006497170642117335 0.0005193795404692599 0.0006501344983207612 0.0006380585768531317 0.0006355856359995302 0.0006769452138897462 0.0007423517705223547 0.0006784426374936457 0.0005885359443071091
137 1370 0.001499764371674564 0 0 0.0006058658685616092 0.0005959984612558908 0.00047237084567945523 0.0005802371760559744 0.000585651082672309 0.0005838341124742592 0.0006223824783075934 0.0006782350185020493 0.0006059813045115744 0.0005363020614520855
138 1380 0.0013562905518553344 0 0 0.000521622664942206 0.0005411888510444407 0.000424615108891489 0.0005059846954206207 0.0005372516375160348 0.0005292843435474459 0.0005584443621480892 0.0006087015033545803 0.0005385464625524482 0.0004806747675589684
139 1390 0.0012789278797221378 0 0 0.00048613675375922845 0.0004995931013584028 0.0004049881714739141 0.0004863896367820022 0.0005054848198644359 0.0004660556010558144 0.0005089464540063348 0.0005713865838462696 0.0005053779935029343 0.00044810712699616933
140 1400 0.0011552602987085834 0 0 0.00043297384599533213 0.00044701586475928197 0.0003493493905842883 0.0004297326346428785 0.00045892727768514547 0.00041613988070338055 0.0004580675728842149 0.0005151917859300863 0.00044652074306100736 0.0003935512791877651
141 1410 0.001096617954928356 0 0 0.0004000016934439284 0.00042356259508927326 0.0003213933319320642 0.0004125653502295198 0.000431635536947294 0.00039426387511496417 0.00042110226315253174 0.0004986732675337182 0.00041486243855084825 0.0003789517595953944
142 1420 0.0010557642335450757 0 0 0.0003835023900300156 0.0004045414158906322 0.0003050471351368794 0.0003999940652341533 0.0004173264768607735 0.00038356218861293007 0.0003928005073894636 0.00048092745096518867 0.00038605744330890763 0.00036579189031502133
143 1430 0.0009875370820848959 0 0 0.000358479054949616 0.0003713694936868119 0.00028469476252776315 0.00037551834750960744 0.00036288361670153363 0.0003563435952867263 0.00036872256426624694 0.00044954390039125255 0.00035296752509931417 0.00033800876326427
144 1440 0.0009720895254227218 0 0 0.00035381024867456117 0.0003578032271752795 0.0002835736688712104 0.0003756167343942475 0.0003554958247944451 0.00035076073363345497 0.00036136481561658906 0.00044661903059576706 0.0003353998432129879 0.00033467533170183634
145 1450 0.0009103631499967783 0 0 0.0003298232923595826 0.0003340689946183529 0.00026270077690054004 0.00034459336932309465 0.00033663710746841566 0.00032931240359318866 0.0003389138420878959 0.0004065671914018082 0.0003104894238601996 0.00030210166562835597
146 1460 0.0008847320719756007 0 0 0.0003090542535402068 0.0003462651642410589 0.0002549846268655358 0.0003225782632567581 0.00032876663757241313 0.00032176996533808563 0.0003212413354995035 0.0003946937294571941 0.00029833209814105393 0.00029350641443690555
147 1470 0.0008119751056865454 0 0 0.00028660456643740564 0.00031005694089179895 0.00023435874100376914 0.00029304699500749115 0.0002998054724928547 0.0002934384258238337 0.00029179271626789 0.00035520789419898115 0.00026977082862337387 0.0002705285153067695
148 1480 0.0007479212970251214 0 0 0.00026041049466114796 0.0002846459197415233 0.00021628320822368122 0.0002637347503214755 0.0002755730080064458 0.0002641446820263526 0.0002706668897105398 0.0003215404201295448 0.0002457087548597816 0.0002463634034078092
149 1490 0.0007266763085600693 0 0 0.0002528702921264168 0.0002753297793765231 0.00020827749344206982 0.0002542321814778806 0.00026333490963637636 0.00024753985776719025 0.00027001477303990174 0.00030355075301994163 0.00023905793908586342 0.00023989744078949077
150 1500 0.0006811982364809402 0 0 0.00023770377071035868 0.00025361144257447874 0.0001957443031327007 0.0002321535195918372 0.0002423569466530133 0.00022865266485108728 0.00024902224330343686 0.00028437079100319376 0.00021879141317468864 0.00022594395189239823
151 1510 0.0006471688239310324 0 0 0.00022275919908291487 0.00024294086794306795 0.0001827775962576337 0.00021823795651312465 0.00023272684980529015 0.0002155133418151957 0.00024256106775236478 0.00026345475300820434 0.00020556563378974072 0.00020837194208899183
152 1520 0.0006436715504267092 0 0 0.00021888412306214356 0.00023555791078441588 0.00017528062159970413 0.0002133321231601793 0.00022959574215340703 0.00021707751050264486 0.00023449836701636297 0.0002597739909511854 0.00020407630201414067 0.00021126241384040052
153 1530 0.0006450302711819882 0 0 0.00021806690923407472 0.00023196842695101443 0.0001750216763370877 0.00021308592578366456 0.00022009583960135048 0.00022153756166494608 0.00023414254241788706 0.00025957886855235563 0.0002013559693272633 0.00021202720520274376
154 1540 0.0005687478671737744 0 0 0.0001842318453298483 0.00020391297901812503 0.0001569536550259679 0.0001834755603319276 0.00019060673809384108 0.00019353941606905711 0.00020439740317391368 0.00022614101220615757 0.00017484733812558642 0.00018614412776834035
155 1550 0.000534908040405121 0 0 0.00016984130681414736 0.00019024380808644676 0.00014490270389837446 0.00017347546322283927 0.00017810321816770164 0.00017926129543324238 0.000192314658834389 0.00021316908903793464 0.00016377780486317019 0.00017311272661793255
156 1560 0.0004969303986713069 0 0 0.0001563902739902004 0.00017732445105083579 0.00013527878093074362 0.00015656837875168144 0.00016567280083166366 0.00016868185553993434 0.0001776853898241175 0.000197554142039974 0.00014873635176423675 0.00015906496845994873
157 1570 0.00045628477314830135 0 0 0.00014065522158353134 0.00015682585320829119 0.00012223175783050044 0.0001454576742283669 0.00015093588255659575 0.00015955657773961357 0.0001607971851004159 0.00018019104429564835 0.0001366069285921049 0.00014197509665614936
158 1580 0.0003935444859336404 0 0 0.00011902477601000505 0.00013678662752060873 0.00010446806303233528 0.00012375084962243057 0.00012854405772828777 0.0001347660136882977 0.00013669192366602166 0.0001545655218382841 0.00011717474201474446 0.00011975324960454064
159 1590 0.00036400206650852773 0 0 0.00011067578124785323 0.00012522049810308387 9.669744707697291e-05 0.00011679354589439091 0.00011756509250154984 0.0001223466333659861 0.00012486639822980846 0.00014128674197866386 0.000107444526606505 0.0001107271364499542
160 1600 0.0003376510285932454 0 0 9.85002938592128e-05 0.0001156826235540968 9.153494611036729e-05 0.00010825923337579512 0.00010763204344973578 0.00011309639181851862 0.00011522348320714683 0.00012905546062654468 0.00010049226696125195 0.0001024410816469358
161 1610 0.00031545341577370837 0 0 9.190345868492796e-05 0.00010798228246935499 8.416974122693148e-05 0.00010189645268344737 9.723067160631156e-05 0.00010377966498650677 0.00010840608224792801 0.00011669711315633922 9.231540284883736e-05 9.576705394322186e-05
162 1620 0.0002897159752913257 0 0 8.434298159057435e-05 9.762737822035264e-05 7.690649860750332e-05 9.31460189045511e-05 8.766986499807239e-05 9.515432692096692e-05 9.729842588136482e-05 0.00010278936874601249 8.44447387583009e-05 8.710870798555738e-05
163 1630 0.0002605080439356612 0 0 7.471548077336858e-05 8.707696384000312e-05 6.863098226126328e-05 8.294665454344671e-05 7.746658970858549e-05 8.310949954724662e-05 8.779331710949049e-05 8.923835241848386e-05 7.340119931889742e-05 7.921765702368559e-05
164 1640 0.0002308340277538253 0 0 6.581762459042866e-05 7.59790246283171e-05 6.103429227730168e-05 7.230049719966063e-05 6.717037681019775e-05 7.520000264010164e-05 7.513894394157304e-05 7.838106387033874e-05 6.441878335835313e-05 6.95145736003993e-05
165 1650 0.00021894106680334994 0 0 6.166545643230368e-05 7.21880953619434e-05 5.51760150544005e-05 6.871973701234939e-05 6.064557099309671e-05 7.098490155584368e-05 7.125599832311385e-05 7.54068057898551e-05 6.297110594252189e-05 6.404572900200653e-05
166 1660 0.00020770104673795825 0 0 5.702300727544141e-05 6.857085585305877e-05 5.289510078993423e-05 6.512375692880511e-05 5.6358281470003065e-05 6.71566975968058e-05 6.666454864139914e-05 7.061714666395554e-05 5.911532591063584e-05 5.918901216797924e-05
167 1670 0.00020563711551178546 0 0 5.6354586321322456e-05 6.88740133707509e-05 5.1269961261946906e-05 6.444273818825285e-05 5.609005990065007e-05 6.482625196250505e-05 6.688018728986056e-05 6.910140200071858e-05 6.1033612188138714e-05 5.734765723797069e-05
168 1680 0.0002141181745909896 0 0 5.8340868669336014e-05 6.767980341499359e-05 5.325991768550488e-05 6.753268653051868e-05 5.819363972857816e-05 6.719572115071245e-05 6.642131953489527e-05 7.340130497913709e-05 6.527589618212283e-05 5.865642173269374e-05
169 1690 0.00021950450325308027 0 0 5.924874974563351e-05 6.65525896421504e-05 5.499451283306824e-05 6.843297613224465e-05 5.9750070349649644e-05 6.877160489960427e-05 6.40621418090449e-05 7.30543721547748e-05 7.057125016365352e-05 6.077435197111393e-05
170 1700 0.00020525605164051282 0 0 5.44823968575054e-05 6.202446632485467e-05 5.154954156196335e-05 6.541129881713136e-05 5.463146439734125e-05 6.339114642449512e-05 5.684399080858914e-05 6.544228335073283e-05 6.530928452479951e-05 5.670278307169755e-05
171 1710 0.0001919135744787128 0 0 4.958868335004855e-05 5.682532156361143e-05 4.714854748942159e-05 6.0056170137824804e-05 4.9685480817737373e-05 5.968606030132887e-05 5.2819441323906155e-05 6.164376633705027e-05 6.121344386341558e-05 5.307345759529097e-05
172 1720 0.00017290282379662505 0 0 4.5025730830382916e-05 5.279351536992867e-05 4.26252559484555e-05 5.3168377361891406e-05 4.4437799050004475e-05 5.2989690286174226e-05 4.6269437295661894e-05 5.5297898338141074e-05 5.3492640711512615e-05 4.595949353586218e-05
173 1730 0.00015795093829407483 0 0 4.105886794134984e-05 4.713785281459646e-05 3.743356753873961e-05 4.830731547241764e-05 4.035973700365795e-05 4.881669549814739e-05 4.287451440658307e-05 5.031794107057252e-05 4.774272731637223e-05 4.171549409453117e-05
174 1740 0.00014294610788743 0 0 3.75759731499617e-05 4.1835582693068216e-05 3.3968909898035305e-05 4.318605577756505e-05 3.4912410214901856e-05 4.4060775230939855e-05 3.9660193035707254e-05 4.541752490902403e-05 4.16995956602934e-05 3.765647096487924e-05
175 1750 0.00013350601878129692 0 0 3.5013326625569146e-05 3.7563715291620035e-05 3.1852393342749356e-05 4.0081740923005035e-05 3.28977328230186e-05 4.1663842105917324e-05 3.739592309318576e-05 4.108639430932433e-05 3.777872518426946e-05 3.5449764037969135e-05
176 1760 0.00012524953514088602 0 0 3.1684807992710205e-05 3.4284811379867745e-05 2.9988697729469573e-05 3.7093707809072244e-05 3.078404855215639e-05 3.908210501725338e-05 3.489850071479124e-05 3.8888081413623955e-05 3.586435735700371e-05 3.248868775798898e-05
177 1770 0.00011334406934694296 0 0 2.900315913920755e-05 3.076384751016026e-05 2.721825969134255e-05 3.336021205016462e-05 2.749602134070731e-05 3.408501455694493e-05 3.0985188999167833e-05 3.4075927150488594e-05 3.2567087631758134e-05 2.898823335855795e-05
178 1780 0.00010112531740781404 0 0 2.561615409953977e-05 2.7171363635520124e-05 2.4092559094586548e-05 2.9589159168574406e-05 2.410159542425392e-05 3.0212960526354026e-05 2.6964161345865147e-05 3.0321459738358575e-05 2.8347124097764e-05 2.6004811713546334e-05
179 1790 0.00010132359715680548 0 0 2.530007320500189e-05 2.7230495545384077e-05 2.4103436536955777e-05 2.9166002856246586e-05 2.3664112500490846e-05 3.106332168205004e-05 2.7670736221136438e-05 3.02541455105081e-05 2.8034259610762707e-05 2.5610034492202253e-05
180 1800 9.660505274188645e-05 0 0 2.4157537694029613e-05 2.5904123624989404e-05 2.2636988763957278e-05 2.7293260006532188e-05 2.238060185464514e-05 2.899705471638998e-05 2.6412817237888416e-05 2.8612204063205024e-05 2.6714901579030723e-05 2.449295486869887e-05
181 1810 8.903292684358194e-05 0 0 2.1794823106590738e-05 2.408219596090874e-05 2.0482568953737938e-05 2.4935454606338767e-05 2.027353603969436e-05 2.627126353452029e-05 2.369264398818305e-05 2.641837459085865e-05 2.4728504854663687e-05 2.275957386838366e-05
182 1820 7.975685874389593e-05 0 0 1.9716679701082624e-05 2.1412273414028635e-05 1.81161051967031e-05 2.15572810162997e-05 1.7903862821147552e-05 2.3054432884697214e-05 2.0329383873123597e-05 2.304729714954774e-05 2.215808764797498e-05 2.021785165808427e-05
183 1830 6.703954291533002e-05 0 0 1.629890361074894e-05 1.7888973226799604e-05 1.533288871904529e-05 1.8014915704293866e-05 1.4549832193025536e-05 1.88189454595778e-05 1.6880116433314688e-05 1.906693109926555e-05 1.820440324744731e-05 1.6594872847891435e-05
184 1840 5.8701976673485155e-05 0 0 1.4212680180293332e-05 1.538862791956659e-05 1.3445316576138179e-05 1.5776101539949472e-05 1.2840328643266435e-05 1.6226578383579403e-05 1.4659958480494505e-05 1.626760419752865e-05 1.5747205981233972e-05 1.3933712382565856e-05
185 1850 5.4909042209895185e-05 0 0 1.3442232949249386e-05 1.4147490981928998e-05 1.2523751870191456e-05 1.4817492991233567e-05 1.1969067118077004e-05 1.4652565070317142e-05 1.3467004731629429e-05 1.5081131482804525e-05 1.5084148185369257e-05 1.2815164198371364e-05
186 1860 5.246799305463147e-05 0 0 1.296800689163772e-05 1.3385651961488966e-05 1.2025500317768942e-05 1.3831644822022577e-05 1.1925610019594971e-05 1.3755636550894548e-05 1.2221914440614554e-05 1.4255782660840239e-05 1.4146574711462082e-05 1.2147769388360618e-05
187 1870 4.8892768106539716e-05 0 0 1.2068134072162252e-05 1.2340198159691313e-05 1.104604409864958e-05 1.2753954826359402e-05 1.1007441998942514e-05 1.3019200274531681e-05 1.1434461804499239e-05 1.2871966394123136e-05 1.2920310652029586e-05 1.0807284760405855e-05
188 1880 4.3197079228820404e-05 0 0 1.0590853872264892e-05 1.0837498784755297e-05 9.865088922341278e-06 1.1077612976527124e-05 9.621643449997733e-06 1.1300956719051448e-05 1.004140558601071e-05 1.1174590937481195e-05 1.1372164909107315e-05 9.333338106790951e-06
189 1890 3.7972478982636e-05 0 0 9.238840862313833e-06 9.337137355067411e-06 8.661113386952013e-06 9.664858027988377e-06 8.413574421923117e-06 9.993866606179947e-06 8.558358014097389e-06 9.458766985716834e-06 9.83226391729346e-06 8.166462014652166e-06
190 1900 3.551841591327637e-05 0 0 8.619872026077131e-06 8.687447612399697e-06 8.008936367443042e-06 9.197425345543402e-06 7.766200417605089e-06 9.248816741420562e-06 8.021963797383948e-06 8.859599899033228e-06 8.877463046221129e-06 7.483808094472847e-06
191 1910 3.374731999659444e-05 0 0 8.163073921478154e-06 8.144290087676511e-06 7.288944299166286e-06 8.591600620135138e-06 7.355830253873227e-06 8.951211966840106e-06 7.593752533537281e-06 8.387103211707785e-06 8.302348230723233e-06 7.00200602659942e-06
192 1920 3.004142676490811e-05 0 0 7.357199936162875e-06 6.923738802110414e-06 6.5250403914928655e-06 7.508583360378813e-06 6.587717974588697e-06 7.91731697315144e-06 6.78062136449472e-06 7.394613330531837e-06 7.311761402971419e-06 6.181888813540789e-06
193 1930 2.7636634085657208e-05 0 0 6.821636718557361e-06 6.349056100163137e-06 5.945557773574697e-06 6.8136324946089055e-06 5.893076705323344e-06 6.9175978548484844e-06 6.023163545657308e-06 6.764774499355495e-06 6.774683133060411e-06 5.623718809977173e-06
194 1940 2.5884631231440017e-05 0 0 6.268873497122058e-06 5.97126546165033e-06 5.601568077824087e-06 6.278374600804457e-06 5.538035460103718e-06 6.502702800981052e-06 5.564099682721022e-06 6.0785359725407754e-06 6.357853231944394e-06 5.07211291238599e-06
195 1950 2.4977055340788882e-05 0 0 5.829234665355163e-06 5.757518199861377e-06 5.376195431378253e-06 6.112434680388291e-06 5.363449282757276e-06 6.197008626407527e-06 5.246509985711746e-06 5.68998537804786e-06 6.2032954069633535e-06 4.9048075193873565e-06
196 1960 2.4881457612468035e-05 0 0 5.814768215772691e-06 5.677886973056012e-06 5.144599160863844e-06 6.048007539416187e-06 5.343661302056776e-06 6.144281101629348e-06 5.318707367946284e-06 5.57904318295083e-06 6.139169655108287e-06 4.861111200812266e-06
197 1970 2.3294804538191813e-05 0 0 5.427858688077918e-06 5.2636688055275104e-06 4.637032273849018e-06 5.620772853584893e-06 4.902410588860483e-06 5.715149481333962e-06 4.919247476796203e-06 5.24452642503845e-06 5.78093832077584e-06 4.41714411871128e-06
198 1980 2.2114028134635076e-05 0 0 5.051499229134282e-06 4.862788085839159e-06 4.428770842161363e-06 5.299183121202277e-06 4.641142373105806e-06 5.183343233722159e-06 4.6148828733427355e-06 5.06868594048865e-06 5.384844747080657e-06 4.225400845427873e-06
199 1990 2.0622310124326352e-05 0 0 4.7176275150244355e-06 4.425447047200831e-06 4.07967837790822e-06 4.910431891432429e-06 4.310592392686029e-06 4.795222448370218e-06 4.252003276666466e-06 4.702879277600015e-06 4.849886080246397e-06 4.06411353292383e-06
200 2000 1.7817353655799625e-05 0 0 4.098408529253505e-06 3.8019641240578795e-06 3.4308543172118762e-06 4.179367145145875e-06 3.688415330986878e-06 3.963438133520044e-06 3.5557129894831862e-06 4.0190937703690025e-06 4.1321172204966815e-06 3.5091142054358367e-06
201 2010 1.682940271166487e-05 0 0 3.963115029858368e-06 3.4937182618804177e-06 3.1679139378630828e-06 4.015731700337376e-06 3.42429181619889e-06 3.7381935911809332e-06 3.3938759021295743e-06 3.774267185049021e-06 3.868169541793195e-06 3.2932394487972253e-06
202 2020 1.5386578426950327e-05 0 0 3.589582088430612e-06 3.194210456317755e-06 2.8457054857675584e-06 3.6193695634014405e-06 3.032415588856414e-06 3.264138246249191e-06 3.091567231371334e-06 3.4013154084788298e-06 3.533955316523227e-06 3.0226172797919603e-06
203 2030 1.453913055540337e-05 0 0 3.341634397968699e-06 3.0255921703113728e-06 2.701295043869545e-06 3.472798987207777e-06 2.8474473468271883e-06 3.0939621802369257e-06 2.9140764611830318e-06 3.248105977173535e-06 3.2412757567512525e-06 2.8042132428907934e-06
204 2040 1.4252423853593946e-05 0 0 3.197211963556421e-06 2.9573113554858317e-06 2.61108202627854e-06 3.3625693447058626e-06 2.7747002332472364e-06 3.0375112657974276e-06 2.9815989690795215e-06 3.1383631442591807e-06 3.0921993172249527e-06 2.7257885408913613e-06
205 2050 1.3172098431002261e-05 0 0 2.924354329940336e-06 2.7435314659880247e-06 2.473172380933378e-06 2.997268489159561e-06 2.5613929031414544e-06 2.7764562005683336e-06 2.7115621379210973e-06 2.8411986932538946e-06 2.7974213417764136e-06 2.481712848367614e-06
206 2060 1.322393519707267e-05 0 0 2.9592065337434894e-06 2.7565419114546486e-06 2.446835110366259e-06 3.0049630367086076e-06 2.5664948590842497e-06 2.763269896780909e-06 2.69230929780811e-06 2.8473304561205855e-06 2.7150471494946555e-06 2.477557097269484e-06
207 2070 1.2507399990136039e-05 0 0 2.8042589745799038e-06 2.562686604140982e-06 2.3194806209464128e-06 2.820794030917384e-06 2.4223156793432117e-06 2.545745458359671e-06 2.5212285106464077e-06 2.6393727316410883e-06 2.634127057072116e-06 2.347100097904458e-06
208 2080 1.1552652836268528e-05 0 0 2.5544830583951485e-06 2.368795897933736e-06 2.0876604010797953e-06 2.6020708054570076e-06 2.2039361438530635e-06 2.3508491297491933e-06 2.271699215185581e-06 2.4795429957730115e-06 2.3680091875287476e-06 2.1850867959642662e-06
209 2090 1.035741379815527e-05 0 0 2.2744760271944287e-06 2.1009752555525675e-06 1.8252431222831297e-06 2.3272340630230032e-06 1.9991135608946943e-06 2.06641972781428e-06 1.988903943199124e-06 2.170416180024295e-06 2.1087704184358896e-06 1.899059113349992e-06
210 2100 9.320868413137711e-06 0 0 2.0577668497469305e-06 1.8716188220417686e-06 1.63258001889354e-06 2.066917881871737e-06 1.726315137054421e-06 1.851081125180389e-06 1.755274570997985e-06 1.8808255861710434e-06 1.917838631941677e-06 1.6888736996779265e-06
211 2110 8.627175580361242e-06 0 0 1.874537107676833e-06 1.7053915905343757e-06 1.4753747111566125e-06 1.8750334320557407e-06 1.6015911443392821e-06 1.7195419580021211e-06 1.6020857666087972e-06 1.719897462392196e-06 1.7893235333726518e-06 1.4975731772377751e-06
212 2120 7.975587579004667e-06 0 0 1.7214048977909638e-06 1.5074650616045913e-06 1.3176117605121176e-06 1.683962485670435e-06 1.496504284377025e-06 1.5892828476951156e-06 1.4840110483065829e-06 1.5767092750578563e-06 1.656673981354341e-06 1.3793830811253041e-06
213 2130 7.666738072873603e-06 0 0 1.6407879042714817e-06 1.447702422812674e-06 1.2575691269765607e-06 1.613115055682292e-06 1.4088086281802377e-06 1.5142261805578103e-06 1.4213330740200384e-06 1.4905089829901228e-06 1.5537113641563273e-06 1.316082437694821e-06
214 2140 7.368294346794035e-06 0 0 1.5823050800475432e-06 1.3661336374153628e-06 1.2129122900649475e-06 1.5413829475252403e-06 1.3475575881814003e-06 1.4404689227372057e-06 1.3617407068210353e-06 1.424245673238373e-06 1.4449120473543392e-06 1.2621631903501103e-06
215 2150 7.122772474235096e-06 0 0 1.5279258637074492e-06 1.3098239336260063e-06 1.1751119692433076e-06 1.4794295409954649e-06 1.2948350034672652e-06 1.391950258152184e-06 1.3264406525304902e-06 1.3628700560458428e-06 1.3852978390722502e-06 1.161741322233318e-06
216 2160 7.207150347035048e-06 0 0 1.5307332216804835e-06 1.303085240300233e-06 1.1754227213276831e-06 1.4927328913025815e-06 1.2918230312305525e-06 1.392127918172804e-06 1.3179480759488492e-06 1.3960226743089834e-06 1.4174358254265692e-06 1.1830873614714233e-06
217 2170 6.686045938591957e-06 0 0 1.400292012384043e-06 1.2023900747740588e-06 1.0623572130337118e-06 1.3740018223242831e-06 1.191800022151292e-06 1.2869346671162061e-06 1.2289199165365996e-06 1.2654665774311268e-06 1.281504717838902e-06 1.0759192100512774e-06
218 2180 5.8990286652238105e-06 0 0 1.220085505807236e-06 1.0733882061986264e-06 9.338650145008917e-07 1.1780408912970479e-06 1.0522113775756332e-06 1.1298645195662683e-06 1.0760480273505643e-06 1.1100636364704042e-06 1.1317818708257e-06 9.145418951753547e-07
219 2190 5.282612654270727e-06 0 0 1.0494832527147904e-06 9.467994411526188e-07 8.396614844847143e-07 1.0230502831951341e-06 9.357959469621206e-07 9.877219055293554e-07 9.646150905506853e-07 9.952082572814527e-07 1.0397950545822848e-06 7.989538849475934e-07
220 2200 4.657973121560548e-06 0 0 8.84411860689429e-07 8.167979793707032e-07 7.230047311808321e-07 9.003723662889642e-07 8.272249530138318e-07 8.662693605566603e-07 8.495988388233485e-07 8.794302307269442e-07 9.087702593028999e-07 6.976542041234715e-07
221 2210 4.360586237297526e-06 0 0 8.291693584612977e-07 7.291478062384935e-07 6.649357075897335e-07 8.554285507518657e-07 7.795416078415728e-07 7.963996799523738e-07 7.977452514466938e-07 7.984471022310067e-07 8.313911254453167e-07 6.524667261222123e-07
222 2220 4.096962523587484e-06 0 0 7.719700958420253e-07 6.864673975302118e-07 6.253723412005869e-07 7.919753993336043e-07 7.205035731778343e-07 7.470972660278538e-07 7.428898300383883e-07 7.302277693372606e-07 7.689291768451979e-07 6.101653627195162e-07
223 2230 3.6636069115338206e-06 0 0 6.893517499339858e-07 5.926799063754554e-07 5.551670329358116e-07 7.013721112946934e-07 6.446771604382601e-07 6.642233205645331e-07 6.429988809823634e-07 6.510570508452703e-07 6.599521854152034e-07 5.388087432148582e-07
224 2240 3.2424076554866657e-06 0 0 6.09277314082996e-07 5.220525960091714e-07 4.871282728551558e-07 6.12411467220902e-07 5.627296720096738e-07 5.884683815990075e-07 5.536625345203257e-07 5.51272541084572e-07 5.825418959449983e-07 4.632733904631917e-07
225 2250 3.0888605643105497e-06 0 0 5.626783676566922e-07 4.964650607486754e-07 4.797533765555341e-07 5.831258827544702e-07 5.32324115052461e-07 5.603797408870584e-07 5.31551437187774e-07 5.145310604498783e-07 5.448182975622167e-07 4.2602208691372106e-07
226 2260 2.8156792271939084e-06 0 0 5.059440467764645e-07 4.440826195976175e-07 4.3385292532449325e-07 5.358723002423318e-07 4.786861072319559e-07 5.078165859065762e-07 4.79398489244341e-07 4.613285462454248e-07 4.838611216165191e-07 3.850463928661632e-07
227 2270 2.505773793417152e-06 0 0 4.4195942530128327e-07 3.9160584377723103e-07 3.8852106601153817e-07 4.6569341933165194e-07 4.1169825639221933e-07 4.4792982291503916e-07 4.1830561897966833e-07 4.085020290500383e-07 4.2007390262610573e-07 3.4336203047497137e-07
228 2280 2.2910921639583128e-06 0 0 4.0233386986061193e-07 3.5101106746734013e-07 3.554629558880883e-07 4.202690363945118e-07 3.6561359784737046e-07 4.06512124685173e-07 3.7725646561667484e-07 3.6744698271622394e-07 3.868423102060024e-07 3.122714425975248e-07
229 2290 2.0759255378489884e-06 0 0 3.587094963367984e-07 3.108099364430159e-07 3.2468993236987917e-07 3.6429978280536163e-07 3.261403391542091e-07 3.6237969090982824e-07 3.423092859919981e-07 3.319867340445182e-07 3.518450290246879e-07 2.7780622237167094e-07
230 2300 2.039183935043839e-06 0 0 3.4500560413271347e-07 3.0208352400185806e-07 3.2256888571418296e-07 3.514299226831868e-07 3.1454868561026475e-07 3.5613356869143604e-07 3.3892318397937144e-07 3.2578726469275747e-07 3.5050559832717293e-07 2.72093731166452e-07
231 2310 1.8729808028209388e-06 0 0 3.0962752065202124e-07 2.7268337225031463e-07 2.940910907892616e-07 3.12446756474198e-07 2.8795639927739276e-07 3.1711831185074807e-07 3.053934297781127e-07 2.953383775437513e-07 3.2323875797432375e-07 2.4883267323224023e-07
232 2320 1.7741184964349373e-06 0 0 2.90363174120309e-07 2.517984694991455e-07 2.7754870985294293e-07 2.972811537510593e-07 2.668495700037216e-07 2.9881226944867953e-07 2.922981446251011e-07 2.779744874022782e-07 3.013067365053716e-07 2.386510378189514e-07
233 2330 1.6351073397661863e-06 0 0 2.639265696991176e-07 2.3091355155224236e-07 2.5521976558789473e-07 2.676100502550743e-07 2.399821837419117e-07 2.7108559835706223e-07 2.625414945871006e-07 2.5203527519246615e-07 2.815024997323077e-07 2.1890485791924814e-07
234 2340 1.4715392618367123e-06 0 0 2.3516918277397832e-07 2.0105186465025685e-07 2.297190399261184e-07 2.382580128214476e-07 2.1072799650684598e-07 2.4758934081921744e-07 2.4035592246562385e-07 2.2442440297960708e-07 2.463877789316689e-07 1.93207512569927e-07
235 2350 1.2789861225356395e-06 0 0 2.0364133412012117e-07 1.7240645826604927e-07 1.9818937616328446e-07 2.022706477264171e-07 1.7990735697403264e-07 2.155905579524745e-07 2.0822443342838263e-07 1.8636482096389512e-07 2.1393523122149415e-07 1.6672549524153417e-07
236 2360 1.2171932487683466e-06 0 0 1.9390318557882732e-07 1.6363213428041574e-07 1.8161652337237577e-07 1.9518435855762245e-07 1.716592117186788e-07 1.9909779097670705e-07 1.9706961453761402e-07 1.7100714384070832e-07 2.068636941178457e-07 1.5750363827265164e-07
237 2370 1.0980532658670863e-06 0 0 1.709513303722392e-07 1.4823597444472844e-07 1.5580753829165574e-07 1.7409087519145336e-07 1.5423227439305287e-07 1.7758264418405998e-07 1.7860257300967334e-07 1.504115290437558e-07 1.852023371777028e-07 1.4083337948746188e-07
238 2380 1.0014625421275722e-06 0 0 1.5051931232874364e-07 1.3224376690401945e-07 1.445493250365175e-07 1.5615473148812215e-07 1.3925789296040317e-07 1.6212669120337473e-07 1.6060621595356964e-07 1.3356100232854404e-07 1.6580780362874686e-07 1.2867354847187462e-07
239 2390 9.091591329501458e-07 0 0 1.3702981241056138e-07 1.20038271366782e-07 1.2680115589199007e-07 1.3962242718285416e-07 1.2345424199515994e-07 1.4385991938799143e-07 1.4157927788508262e-07 1.223881917325522e-07 1.4905487731670833e-07 1.1564748508982991e-07
240 2400 9.325121405379577e-07 0 0 1.4015865191597842e-07 1.232431153290552e-07 1.3077623119944894e-07 1.433268874084136e-07 1.274783575443299e-07 1.4795599913673404e-07 1.4141023279151832e-07 1.239407526554369e-07 1.5067541309737976e-07 1.183468825219809e-07
241 2410 8.505334944676239e-07 0 0 1.302827291074477e-07 1.123110975101207e-07 1.190474425285112e-07 1.2983164823707752e-07 1.1613366508804231e-07 1.3220688601241165e-07 1.2882538095758845e-07 1.0996014507821454e-07 1.3713373060811583e-07 1.0396270851639431e-07
242 2420 7.767142444679991e-07 0 0 1.1172446401146195e-07 1.0423062539069862e-07 1.0817739251188312e-07 1.1966153840478812e-07 1.0524238815262987e-07 1.1931928698160906e-07 1.1478641972843723e-07 9.866596901765575e-08 1.260778773847782e-07 9.504792690168255e-08
243 2430 6.816852189279837e-07 0 0 9.859847879335666e-08 9.160750593621083e-08 9.347305238515885e-08 1.0275100647664451e-07 9.169460668018648e-08 1.0236449556370568e-07 9.691913452740199e-08 8.6875095750353e-08 1.10488780514482e-07 8.137478084076725e-08
244 2440 6.611837898958821e-07 0 0 9.62972857695585e-08 8.83749125591734e-08 8.904652479195909e-08 9.894528972351497e-08 8.94730801987363e-08 9.575597288650686e-08 9.378309196517872e-08 8.531686746457703e-08 1.048706884245821e-07 7.863947381054736e-08
245 2450 5.97908619007353e-07 0 0 8.63893818308139e-08 7.788159963884462e-08 7.790219589740691e-08 9.01220890090837e-08 7.983341155653367e-08 8.625296145297231e-08 8.462650460687087e-08 7.47298337574161e-08 9.520134940075407e-08 7.137403378043017e-08
246 2460 5.401899545528823e-07 0 0 7.806866557724109e-08 6.961340797688384e-08 6.944428812591692e-08 8.167596025607514e-08 7.108379463593954e-08 7.679012790246636e-08 7.328671129172319e-08 6.84650365803682e-08 8.436603780143002e-08 6.382354737073327e-08
247 2470 4.916731660812674e-07 0 0 7.024295834761628e-08 6.36946479704387e-08 6.341437778590043e-08 7.363244937988004e-08 6.336897588984466e-08 6.988918096663e-08 6.607366879723342e-08 6.248785331810361e-08 7.230858892428368e-08 5.769411131313205e-08
248 2480 4.587699675502435e-07 0 0 6.496643597093831e-08 5.972309128847765e-08 5.661818761146244e-08 6.929577981217686e-08 5.7818507059533785e-08 6.645913115149242e-08 6.144420973127108e-08 5.649520636928138e-08 6.682557933004937e-08 5.415126953246636e-08
249 2490 4.560942522662886e-07 0 0 6.535652303522823e-08 6.048322414824956e-08 5.579337793251802e-08 6.832242028625831e-08 5.665561704954209e-08 6.239174131785559e-08 6.040314072079573e-08 5.569660047718764e-08 6.713492901897532e-08 5.412740892350529e-08
250 2500 4.3535461695271064e-07 0 0 6.117608295416563e-08 5.7086409760782766e-08 5.2094596572838305e-08 6.418683107080695e-08 5.460204905600469e-08 5.9323752921918246e-08 5.727796508893597e-08 5.4243036417740466e-08 6.268701333188394e-08 5.1634981176077446e-08
251 2510 3.910550711194879e-07 0 0 5.4882613197968807e-08 5.046795007024837e-08 4.6727338010369305e-08 5.600597412484555e-08 4.922745548967426e-08 5.25607788154e-08 5.023850546517437e-08 4.891189796405383e-08 5.426025267529632e-08 4.6688024510452205e-08
252 2520 3.585805804045094e-07 0 0 4.9842225294312436e-08 4.5779947710195665e-08 4.306630543155111e-08 5.061226968662661e-08 4.4569576938351164e-08 4.6687710498762647e-08 4.5056321497612245e-08 4.4311676567511885e-08 4.9815983509210035e-08 4.2856001121838033e-08
253 2530 3.1827981834923697e-07 0 0 4.429827366642485e-08 4.0311798399552574e-08 3.794756349067244e-08 4.3951923567671887e-08 3.844556268228918e-08 4.068819148012219e-08 3.9941912764967875e-08 3.823976119260775e-08 4.348235474818191e-08 3.796344228913679e-08
254 2540 2.8230474461108677e-07 0 0 3.932771999488974e-08 3.491785983022104e-08 3.3604438353806054e-08 3.79618443092826e-08 3.3939918688620037e-08 3.61832911766042e-08 3.4523561387537036e-08 3.320469466847168e-08 3.795606665653017e-08 3.273094013589944e-08
255 2550 2.547300115236701e-07 0 0 3.492187529770894e-08 3.1188450975873546e-08 3.060031625812672e-08 3.4045043068652274e-08 3.085359474188297e-08 3.242644827952344e-08 3.140135155265959e-08 2.9661823091498717e-08 3.373475461840118e-08 2.880958008592925e-08
256 2560 2.43681561281878e-07 0 0 3.256106034981736e-08 3.001714687964577e-08 2.8920471653185624e-08 3.2322375304909706e-08 2.9241573289085216e-08 3.1014947964884615e-08 3.0402868629312904e-08 2.856537040391248e-08 3.21485021576794e-08 2.693868674855881e-08
257 2570 2.2326774173138365e-07 0 0 2.912077729776466e-08 2.773601493875974e-08 2.612710952364542e-08 2.8234687782427048e-08 2.6410300850204787e-08 2.797527441085756e-08 2.778073337396929e-08 2.5787228052526625e-08 2.970754152389256e-08 2.4596834030224824e-08
258 2580 1.985936632185409e-07 0 0 2.514299941486846e-08 2.4302841532465254e-08 2.3370411898490747e-08 2.4961200739622726e-08 2.28341830985037e-08 2.4361545990310477e-08 2.4373420984012033e-08 2.315903839544626e-08 2.624657513259309e-08 2.1203722716128842e-08
259 2590 1.797521441763864e-07 0 0 2.2336224905169587e-08 2.1424022424069094e-08 2.1003915920778038e-08 2.2538312369180594e-08 2.0550371602009733e-08 2.199301102026515e-08 2.184097357690083e-08 2.030352866212186e-08 2.3596737079371965e-08 1.8882492510000054e-08
260 2600 1.6397467196850415e-07 0 0 1.9923673282934622e-08 1.940352889116723e-08 1.9237853120360622e-08 2.0447936268301116e-08 1.841481146869199e-08 1.9615981095764174e-08 1.9971396480274697e-08 1.824822974132947e-08 2.1123199901803458e-08 1.7121144383502635e-08
261 2610 1.547215479662311e-07 0 0 1.8397807922223518e-08 1.7992233774821497e-08 1.815045904034242e-08 1.931965396080121e-08 1.6781044200034795e-08 1.8405566891110874e-08 1.9020308882035164e-08 1.7063320001918127e-08 1.999580175223182e-08 1.6164240185964494e-08
262 2620 1.4547998287360502e-07 0 0 1.726753910039834e-08 1.6181376940072104e-08 1.7195760098862992e-08 1.8100524780146158e-08 1.5119788880006366e-08 1.7435417913232418e-08 1.7978016467015856e-08 1.609427014275366e-08 1.8474766605413315e-08 1.512590600087494e-08
263 2630 1.344396868365003e-07 0 0 1.6045877216893835e-08 1.475792022813631e-08 1.5724770674071354e-08 1.6223785044301227e-08 1.401823900373719e-08 1.5869316550414052e-08 1.6228926650447567e-08 1.4802757418787822e-08 1.6312235761975093e-08 1.4477011083159095e-08
264 2640 1.231576499970688e-07 0 0 1.4571342393105456e-08 1.3615590601731588e-08 1.4319549336185221e-08 1.4436626819115473e-08 1.3073893904415983e-08 1.442806885859353e-08 1.4482986248875027e-08 1.3499492759453425e-08 1.4425717704196974e-08 1.3152702624651896e-08
265 2650 1.0899848449941133e-07 0 0 1.2590738994105985e-08 1.2023817074155177e-08 1.2293619853395005e-08 1.2808931564996538e-08 1.1565830312066053e-08 1.2536433954535958e-08 1.2699984799837002e-08 1.1939129320955661e-08 1.2536175845239461e-08 1.1626624468836925e-08
266 2660 1.0710440435818997e-07 0 0 1.2166648286152397e-08 1.1787023966850084e-08 1.1766444676908896e-08 1.2847452340745497e-08 1.1262740296180262e-08 1.2343604383422391e-08 1.2372168567004969e-08 1.1487241736016334e-08 1.2284675530607916e-08 1.154948186694715e-08
267 2670 9.622410017477675e-08 0 0 1.0907953994621623e-08 1.0501809218994076e-08 1.0270024146660724e-08 1.1426599004756189e-08 9.985113816180018e-09 1.1043663748900016e-08 1.1080967417821813e-08 9.943502170048624e-09 1.08138273139629e-08 1.0065131025578788e-08
268 2680 8.837364885748229e-08 0 0 9.930961419412393e-09 9.638007558479902e-09 9.493302137444827e-09 1.0562523419347492e-08 9.058767760378886e-09 1.0189352130653706e-08 9.95436733563235e-09 8.887790863857853e-09 9.998700455413456e-09 8.948714896126574e-09
269 2690 8.580214673613412e-08 0 0 9.641966391002883e-09 9.297107424426726e-09 9.150235837017037e-09 1.0006852469654882e-08 8.823876588783589e-09 9.736015216376582e-09 9.65068374917172e-09 8.777243767337407e-09 9.595466579425367e-09 8.617014027341765e-09
270 2700 8.157244075980002e-08 0 0 9.082738928506302e-09 8.676463922262407e-09 8.62761635392187e-09 9.483028042494588e-09 8.136654822963885e-09 9.197516911293177e-09 9.13294999085783e-09 8.104960864663272e-09 9.133070171952609e-09 8.174569708791145e-09
271 2710 7.754507613018974e-08 0 0 8.323235165397918e-09 8.254556421767351e-09 8.357243694012814e-09 8.80096482151927e-09 7.794823967159699e-09 8.756139807730336e-09 8.77677904077715e-09 7.563782567424123e-09 8.471143595155598e-09 7.726715928642713e-09
272 2720 7.26036302787269e-08 0 0 7.783742554705731e-09 7.740519084410546e-09 7.721657485963474e-09 8.209955776202192e-09 7.23261835175027e-09 8.19687559645659e-09 8.128193658384786e-09 6.913398779167256e-09 7.716085150666035e-09 7.239004185806909e-09
273 2730 7.340115180205615e-08 0 0 8.219140544174483e-09 7.824672634707955e-09 7.63136143714612e-09 8.210003809493762e-09 7.204049686820285e-09 8.1514810800038e-09 8.322178586538051e-09 7.103210151325844e-09 7.864325326664314e-09 7.202111777922862e-09
274 2740 7.176878956405455e-08 0 0 8.177647604878398e-09 7.608342101455407e-09 7.3765848984526e-09 7.837396539903356e-09 6.85317999355477e-09 7.75148035137464e-09 8.065998054633781e-09 6.879286074827063e-09 7.628703704870259e-09 7.0419071852126995e-09
275 2750 7.59186650182305e-08 0 0 8.64716766717351e-09 7.941662418400703e-09 7.745910094638731e-09 8.200716925300099e-09 7.275786577453194e-09 8.245759583321767e-09 8.552113252856839e-09 7.294732828727187e-09 8.214548116348074e-09 7.400647690682313e-09
276 2760 7.380822428552652e-08 0 0 8.321700703178923e-09 7.71400689022463e-09 7.576967068892124e-09 7.934184381075121e-09 6.906392675008533e-09 7.75817716610279e-09 8.279681539959401e-09 7.065737654569669e-09 8.148692438931454e-09 7.126987112793955e-09
277 2770 6.985485830242157e-08 0 0 7.8702579240264e-09 7.2364389546886e-09 7.234275569346116e-09 7.423410848511327e-09 6.618768063740433e-09 7.0909969138134905e-09 7.796684942139346e-09 6.530210666089055e-09 7.669042135400027e-09 6.843643051072397e-09
278 2780 6.633673817746241e-08 0 0 7.520896547548693e-09 6.8482792275102214e-09 6.7150047610094165e-09 7.007542617233807e-09 6.1691858913157734e-09 6.7035430679568254e-09 7.4390715534907e-09 6.11051228974323e-09 7.120427381782623e-09 6.410856617507178e-09
279 2790 6.979224152247758e-08 0 0 7.837580794851043e-09 7.115622607630267e-09 6.977707620524465e-09 7.044975132306373e-09 6.751158381762794e-09 7.072090213133662e-09 7.851081387890756e-09 6.422047931059643e-09 7.633522723177109e-09 7.081575582944405e-09
280 2800 6.667398429028804e-08 0 0 7.4269468353253855e-09 6.909256900148255e-09 6.625036733656882e-09 6.694605158116239e-09 6.437688741761108e-09 6.547373669030556e-09 7.426566609616643e-09 6.010170963334377e-09 7.195013485946726e-09 6.799454907110077e-09
281 2810 6.028770290208018e-08 0 0 6.6408185060162796e-09 6.2427546059463735e-09 5.93277701341318e-09 6.116205302081725e-09 5.60642164250758e-09 5.90355656290591e-09 6.592776655663128e-09 5.4089008325152536e-09 6.347475344391108e-09 6.028905926395466e-09
282 2820 5.325975584271816e-08 0 0 5.900894268950117e-09 5.378333398176957e-09 5.173933891752484e-09 5.356309398627173e-09 4.917495632194554e-09 5.1765809816676935e-09 5.797003134145026e-09 4.558302235704898e-09 5.45438201957822e-09 5.386819139273376e-09
283 2830 4.839710781488557e-08 0 0 5.484037501918852e-09 4.858624534455815e-09 4.614188998180353e-09 4.883381049212347e-09 4.383959798755563e-09 4.590986307346562e-09 5.2402034340095445e-09 4.126536869528312e-09 5.036837020327394e-09 4.754840252055681e-09
284 2840 4.5958704418524816e-08 0 0 5.228703400327438e-09 4.521939899752524e-09 4.339190425259018e-09 4.563070087007402e-09 4.114041830378173e-09 4.309899339358907e-09 5.1135582202304804e-09 3.8511389741885045e-09 4.726846787557233e-09 4.4132775630059e-09
285 2850 4.225056065214175e-08 0 0 4.695010130697003e-09 4.20873377366575e-09 4.018265531909904e-09 4.079103641811298e-09 3.815938816070463e-09 3.981793895117672e-09 4.697049772170016e-09 3.45687845816817e-09 4.359691189723247e-09 3.949856298511614e-09
285 2850 4.225056065214175e-08 0 0 4.695010130697003e-09 4.20873377366575e-09 4.018265531909904e-09 4.079103641811298e-09 3.815938816070463e-09 3.981793895117672e-09 4.697049772170016e-09 3.45687845816817e-09 4.359691189723247e-09 3.949856298511614e-09
