% # columns="iteration, evaluation, void, void, void, xmean", seed=143996, Wed Feb 25 09:44:44 2026, <python>{}</python> # scaling_of_variables: 1, typical_x: 0
1 10 0 0 0 -0.38129028337227533 0.28260861845832524 -1.9994325306229324 0.24969328115631267 -0.5908255854403568 1.463129346354152 -0.03205408111211758 2.816944949918119 -0.7186648775552806 1.3786941496003569
2 20 0 0 0 -0.4144579067949205 0.1279995356654822 -1.9981139110245754 0.3026980306351726 -0.5949637862098585 1.717604997788745 0.10493634362218086 2.9939426851899955 -0.5639490587186293 1.2924495406865975
3 30 0 0 0 -0.03522058296637483 0.5065811024911508 -2.0494249748210693 0.31276852144515777 -0.20122583316183235 2.0225467540889865 0.630167742098233 2.933970453458942 -0.7375197624420222 0.6035156438298135
4 40 0 0 0 0.10113045766489162 -0.25441441808543297 -2.0631961033197697 0.4873711916112082 -0.47807246359960015 1.7179665507706898 1.1008335181265148 3.39209805356596 -0.8356479272001531 0.4627932756392591
5 50 0 0 0 0.5401780712685273 -1.0452710986614915 -2.1811313320136483 0.6503158786924059 -0.513326561311042 1.2170257641891797 1.4149404033369606 3.227139548540867 -0.6052205830060696 -0.31525434529326474
6 60 0 0 0 0.3458239921687569 -0.46492446844939994 -2.5218679173201677 0.14853959384130833 -0.6751239878895933 0.3695976946943472 1.64119986334443 2.7511844940053196 0.040369851705253514 -0.6053796350015317
7 70 0 0 0 0.3681269776928506 -0.38853824476669396 -2.0974754708029133 -0.11097776279280058 -0.3467796019397682 0.27591834455745345 1.7509605976389997 2.3587654653830934 -0.12772787352621207 -1.156928376984992
8 80 0 0 0 0.31780811338812326 -0.33768036220686076 -1.5249841151247336 0.07405752830717038 -0.027801614101859246 0.4596884576442979 1.495881356135353 2.6347141714539624 -0.6140253153125974 -0.949076545799361
9 90 0 0 0 0.7221563635117789 0.19423844090531112 -1.1245982657941176 0.06580690558850999 -0.31762167034681227 0.21974285091436405 0.782813664212909 2.540218129614626 -0.6245156807187225 -1.2457561555211007
10 100 0 0 0 1.044793663303932 -0.3320022069009054 -0.8095348246349449 -0.8782789270468135 -0.42055645091115196 -0.4781266156874598 0.3964644852222656 1.7658411374066336 -0.9976142317442371 -1.4471361618361502
11 110 0 0 0 0.7462714355640264 -0.024146266721648102 -1.1839215972288695 -0.7429556881676269 -0.6352611838377087 -0.37189052654677257 0.07488757356422403 1.7966925152524713 -1.0961661086970373 -1.9590578562962102
12 120 0 0 0 0.6684190018400948 0.396160642671155 -1.694894284500727 -1.5523813457750002 -0.36756669026606154 -0.521104570623011 -0.9003665310666729 1.0045780613629658 -0.9905012732728399 -1.8438416244243037
13 130 0 0 0 0.5739064110099927 0.23412547787996835 -1.352745642791457 -2.0688364382577595 -0.48477509584104317 -0.09778143114279618 -0.9997822939583767 0.46403706220180274 -0.5760170181130798 -2.411384302250384
14 140 0 0 0 0.5814255030393636 -0.27300518920137196 -1.0993070416509223 -1.9680750379394418 -0.1379888534411292 -0.5557006617172374 -1.334575089152587 0.09879438810915991 -0.41507067599006153 -1.5672578203405805
15 150 0 0 0 0.9079332734154635 0.20020724116815747 -1.6394201233998493 -1.2977296327885188 -0.11384231508174289 -0.8106191790687172 -1.02755468169265 -0.39473596689736723 -0.8187169959999554 -0.4916856302132868
16 160 0 0 0 0.8292624607967951 0.11178787880383684 -1.0030602692121517 -2.2030254925532247 -0.3090907257456185 -0.6508642954226844 -1.2393272676905007 -0.8764296610535236 -0.6954999861099815 -1.144347362475806
17 170 0 0 0 0.1962333084954536 0.009959505453788153 -1.4880870271231401 -1.6281040474794983 -0.20751948089589542 -0.2850729120195816 -1.0610727283568502 -0.517196154141211 -0.4027663147894835 -0.9947956524125763
18 180 0 0 0 0.34088845140181845 0.3440978260871997 -1.4341486029656485 -2.5702619337902957 -0.24781314272067506 0.08261024427903181 -0.06660782168340965 -0.6947545615851894 -0.44293731362867617 -1.211854253957878
19 190 0 0 0 -0.1201109039669781 0.6295113329127658 -1.6932218565532189 -2.4462783291344925 0.14185682000684943 -0.035659419269865544 -0.5563667927551919 -1.0148991918792245 -0.21577894754069793 -0.8881055549149952
20 200 0 0 0 -0.34170363370589774 0.821517268721093 -1.967766613622649 -2.255358930524352 -0.06938640113840716 -0.046047328103048485 -0.9856709473816517 -0.8656956783968655 -0.7697588703552336 -0.9145022902808793
21 210 0 0 0 -0.4833847613706853 0.46053382360840794 -1.9519638093837248 -1.6077749258611607 -0.19119995309857993 0.130773049506039 -1.6744714496632045 -0.8897430763590845 -0.5991995970499372 -0.24105129849021012
22 220 0 0 0 -0.7193628172922838 0.18828302183342624 -1.3222858306199385 -1.9945230406722545 -0.21664442438332865 -0.41758012918489384 -2.301649153041137 -0.8174983154515805 -0.4402494755245283 0.034388251053822746
23 230 0 0 0 -0.6357816037755533 0.02256769828967827 -1.387568974400424 -1.8134667594813325 -0.029781679854195442 -0.43657094244082817 -1.7559707667449995 -0.783785127077328 -0.4698030385977868 -0.1935763830664758
24 240 0 0 0 -0.37271920351972815 0.018110921441832795 -1.7914397402386677 -1.1132038305054601 -0.05431066004214639 -0.04773425092070441 -1.3550865841259916 -0.06194182568086645 -0.7471330586028879 0.10959272387110747
25 250 0 0 0 0.18549509530339328 0.5080443268533494 -1.840855201384807 -0.5309919820468362 0.03927684396502076 0.44630300916508203 -0.5084943690048921 0.5600406701485463 -0.8986144812995445 -0.09430531704091238
26 260 0 0 0 0.1893014737424696 0.5306736871582465 -1.5916662074691108 -1.135819414764947 0.09519847741883003 0.74406637411387 -0.6521291849739684 0.8784935711069557 -0.9626261097145825 -0.03425623907813028
27 270 0 0 0 0.2124227674376663 0.5381526110794517 -1.7730642361099538 -0.8132072895031499 0.20590331219444402 0.9131660994817302 0.06840193659119093 0.7755750063248157 -0.938775256243559 0.025379922441884157
28 280 0 0 0 -0.08831700441898169 0.46691832637117575 -2.0300932159523324 -0.39731704347952357 0.6600721140170371 0.47817416695048454 0.20272757670372876 0.6636458095272983 -0.8503772644346452 0.42543399916818136
29 290 0 0 0 -0.7532910957709062 1.138819582899122 -2.5473580921805716 -0.6745974850075089 0.6539541383842472 0.15315989086908677 -0.47574545110506256 0.5540334275622293 -0.6172620391954147 0.689083095430103
30 300 0 0 0 -1.0534989559382462 1.1921619615237558 -2.339023717755424 -1.3445159046510178 1.0102310409433937 0.054471316561664394 -0.7831185587840288 0.1678121110553606 -0.5985583012248525 0.8729264768403743
31 310 0 0 0 -0.9414254486399405 0.9554897038948332 -1.9770309434705724 -0.941424394128139 0.12243597517792432 -0.35460299066793033 -0.1211524951942865 0.08963602039127862 -0.9051279972964019 0.6315396383247986
32 320 0 0 0 -1.2918846259634156 1.3786379314928268 -2.188765827131422 -1.3414305420615293 0.3055192903855687 -0.3099942804066313 -0.26436593939647224 0.2602385243374137 -0.4678696478673693 0.8567135454968753
33 330 0 0 0 -1.2747285540217044 1.0900608276975803 -2.311570459040891 -1.1378965581535907 0.04184514070081019 -0.15425238115753337 0.11239563746682246 0.5585822378729526 -0.5242629365059087 0.9929697306007497
34 340 0 0 0 -1.1357210209980326 1.1088078586822587 -2.139176456555995 -1.260791287613246 0.04334004200624331 -0.007003327851972392 -0.13171623982382752 0.6743931136028443 -0.18251607721200144 0.6473887761028532
35 350 0 0 0 -0.45093629311693856 0.8634132735845679 -1.927129965496385 -0.9942536829496489 -0.21899969248475942 -0.35682031723528773 -0.35687942203270173 0.2420925214286616 -0.4455774383469644 0.6472042115976755
36 360 0 0 0 -0.4039378608224502 0.8531483257835316 -1.7439229646498253 -0.9209114688298541 -0.35794129999029506 -0.5167297061621614 -0.21492653069162976 0.1026812323803192 -0.4851228672826168 0.8001053741566049
37 370 0 0 0 -0.19183194736792938 0.8032299335813196 -1.8558752914284915 -0.2313944665829942 -0.09266117093939094 -0.27890922885548175 -0.337040230683549 0.2789560354223102 -0.060092327735624784 0.8521013856940662
38 380 0 0 0 0.031747207707506345 0.7448881650419754 -1.669235434055315 -0.007240731731673583 0.00036794722078094255 -0.1247911057544362 0.2597469535381232 0.2592811187242963 0.0815768257645043 0.5986831101148633
39 390 0 0 0 0.0882698955203022 0.6156153879032323 -1.831688261874966 -0.08012010712184574 0.03300399928868358 0.15798356863842292 0.4234799424261711 0.4460890504662231 0.14418611966416928 0.45128127256679856
40 400 0 0 0 0.019592129034503032 0.5828471794272222 -1.391500590607235 -0.18007468255833645 -0.2800403704642648 -0.23255712178093696 0.5411529345127983 0.23018647629859762 -0.21405391623645192 0.5200899583367861
41 410 0 0 0 -0.08949384350185588 0.4975477858215307 -1.1986977515737347 -0.11926897362264227 -0.3609804220960583 -0.19334514300774613 0.5181127094908465 0.26625782552482696 -0.014189727226694239 0.24781244256031973
42 420 0 0 0 -0.11921075392464744 0.7240870732753155 -1.2154016857507648 -0.05675062513164801 0.023122015594474632 -0.12655097897418377 0.7363098469057741 0.7485124523462183 -0.01620262889809213 0.16552738469812284
43 430 0 0 0 -0.16051053639333845 0.7857757483815726 -1.0931707334553984 -0.1902862978253787 0.02707328427034377 0.13158448593238867 0.5680392936989564 0.7760707280930677 -0.23346596241866233 -0.03318309040888118
44 440 0 0 0 -0.06279074134826908 0.9865907651811239 -1.2589048840250006 -0.15657189654955733 -0.005155318600358574 0.3308423381994317 0.7269281264219788 1.0428465885121978 0.10593537574902695 0.12755903217852466
45 450 0 0 0 -0.13540049228777684 1.1389641642269632 -1.2610630624372297 -0.17791673506103375 0.07514479692217682 0.42522750888549005 0.8391977506928179 0.9648842672766506 0.36710748594499704 0.10748238955561189
46 460 0 0 0 -0.14563046162468865 0.9948003386156221 -1.0310896073215234 -0.037019762476613954 0.1503825501628935 0.42507174174519047 0.5143434016538931 0.9388486172406918 0.42154781306093164 0.09424989361968647
47 470 0 0 0 0.028709555173247706 0.8407944997183061 -1.0843559939857537 -0.08177683900239724 0.2146696637881171 0.4166167979867644 0.7518475775500661 0.7020209484015052 0.7163103282150405 0.1348659917380029
48 480 0 0 0 0.025998205974337475 0.8446345833809965 -0.9739805598978766 -0.032235776997588485 0.001346028805580879 0.5436717027717048 0.8310862170330384 0.7089862445301783 0.6550683972570377 0.0968199895285724
49 490 0 0 0 0.09969394299497242 0.9971650125411233 -0.9828527030116921 -0.10296154530867158 -0.08427967539966211 0.5409296201305516 1.1869218030124582 0.6204305040925913 0.3439592953809003 0.06454261398050672
50 500 0 0 0 -0.010578629674914587 1.089401817301192 -1.0465445834977714 -0.32892261572801923 -0.118343419412356 0.4419340579702328 1.3134457628819958 0.4858035286165246 0.26965814553216166 0.07054434340063559
51 510 0 0 0 -0.1380285649858981 1.1226630037859944 -1.0933916379771742 -0.42352331553526157 -0.16925169232464873 0.3012257527707298 1.1526511759008262 0.21586014585012958 0.2944030007908353 0.00033978837371917685
52 520 0 0 0 -0.07423039876446337 1.087274580012231 -0.9528687621391181 -0.679983539920664 -0.11504947125419028 0.15295131783964797 1.193465775023246 0.090751401760276 0.20108455249750945 -0.03797304398065798
53 530 0 0 0 -0.11823701623483 0.9278001879542088 -1.0784792030675674 -0.79937588229851 0.07047502297012212 0.049843151538647074 1.0712844293693764 -0.16171492771737495 0.13018700124461272 -0.09571499630748578
54 540 0 0 0 -0.0972551299476007 0.9370626138963517 -1.0578021475208037 -0.6814654955845723 0.175856549441465 -0.008265572820997283 1.4732943838061374 -0.06146239128673774 0.12033580445977113 -0.319983929329112
55 550 0 0 0 0.14050519495458558 0.896412563563885 -0.9767249587671106 -0.7018042205784196 0.1315451799910413 -0.15074192102930284 1.4066124704204288 -0.36696367884882347 0.05021918560397259 -0.6045409045390752
56 560 0 0 0 0.009585381075625794 0.9306972382411921 -1.041794790365022 -0.5810420142842276 0.08295703826295256 -0.20885145567790636 1.6482553321669677 -0.06386689909556295 0.07189206450489716 -1.0090758874147885
57 570 0 0 0 -0.23418607495761756 0.8024367277523166 -1.1195792357486711 -0.5462600673530962 0.054302020879008976 -0.21385750190831324 1.929127560918191 0.0317044610155991 0.09915621606732379 -0.8434418901603326
58 580 0 0 0 -0.31279867433476133 0.9293108885897585 -1.1089301524049469 -0.7819783482404307 -0.021066477465709648 0.029055527872882007 1.9238864795026716 0.20560861468756514 0.0583918127633229 -1.0499289510675553
59 590 0 0 0 -0.15837081674275044 1.0637953659443546 -0.9821086808733559 -0.35964861983022745 -0.183017657397746 0.09664184148909755 2.0075711985660782 0.2791962280506328 0.12513965381754816 -0.9251774581520213
60 600 0 0 0 -0.07232037076822348 1.3470722346624635 -1.074083456245042 -0.6503983431437705 -0.33462017213371664 0.06500148505004294 2.082982135341906 0.19327557306790732 -0.1283261186292285 -1.15491781440242
61 610 0 0 0 -0.04671718429288068 1.3616200973652455 -1.0627584455282055 -1.0383166752110395 -0.1903581010113395 -0.01058841964022493 1.8232370726969187 -0.08381430288497847 -0.21380176628947584 -1.1314185472916196
62 620 0 0 0 -0.08370475467583384 0.9500813334554552 -0.8739988019395337 -0.9423364718451432 -0.22562755943751905 0.07108432735559074 1.5999955110306074 -0.057551951911561136 -0.06337870442476264 -1.3013873169903998
63 630 0 0 0 0.010414439326152384 0.9653729164943303 -0.8007283605578772 -1.2035540254742512 -0.12826145507656198 0.3077810752308027 1.8687216867575507 0.10384507718408112 0.12301494712480517 -1.1941360817980213
64 640 0 0 0 0.01053178460724739 0.9606286589835271 -0.9237580034356088 -1.0486573347328851 -0.2396961884534448 0.20608144466961476 1.8977477905742652 0.044713070209823506 0.12507856699137848 -1.1124646149902178
65 650 0 0 0 0.024553906523130137 0.7642740538548791 -0.9038708878050637 -1.003259738393182 -0.07760747482001769 0.12073363673709454 2.142439428463933 -0.14701423230141364 -0.006253602833563167 -1.3334737050897472
66 660 0 0 0 0.011349760032300885 0.7410845904990715 -0.8392734141878373 -1.0678706181115891 -0.21317189286674298 0.4118271830870382 2.0130798610443676 -0.012037327130260858 0.026597566972200826 -1.2169361630687505
67 670 0 0 0 -0.07613304454954672 0.8643169825892111 -1.0452747576627976 -1.0242119693783753 -0.12048856351627321 0.47960426864692374 1.8599624875648955 0.1872058380784733 -0.02141596680806243 -0.8642777475473165
68 680 0 0 0 -0.10961174045698407 0.6262184152459223 -1.0494861357644265 -1.052696219967678 -0.06358078731966361 0.27262201896509697 1.8284241221490865 0.027017270830367424 -0.05313135749171905 -0.958301431440171
69 690 0 0 0 -0.11359679308432508 0.6965930593845777 -0.9971359216943259 -0.8964872858567179 0.009868017431190514 0.16499594417615857 1.912452880536358 -0.024697905953314406 -0.01880740418556394 -0.9174621574373818
70 700 0 0 0 -0.09816045276764437 0.7483937082998604 -1.04154584880851 -0.8408211010660693 -0.00042752180231190803 0.16306775739338186 1.9757294585639469 0.07711446603944307 -0.0099165676974106 -0.9915544471611091
71 710 0 0 0 -0.12134852158012337 0.822298267920534 -1.0183175785669354 -0.904067526707109 -0.07934714137311484 0.10337991453400316 2.0011347265472836 0.0181504324735994 -0.08490103264862833 -0.8887292629347241
72 720 0 0 0 -0.12212612227226857 0.9466107784955069 -0.95798689241591 -0.9109664343004871 0.03358856489567506 0.06857815041945912 1.9643986939870568 0.06144317459846582 -0.05527130992306203 -0.9376948862971665
73 730 0 0 0 -0.1170998304888758 1.064636014691189 -1.0314402714135968 -0.8782482357303714 -0.08587227758337959 0.036407318014593064 1.9560305114317762 0.07324176760929547 -0.1458943251336463 -0.8931654234463373
74 740 0 0 0 -0.16802355050212622 1.105724572061646 -1.0191562043975857 -0.9099801968103753 -0.07764073116384375 0.017734888481752684 2.056456542672701 -0.039623098214053735 -0.13366346004820587 -0.9263584282302257
75 750 0 0 0 -0.13870318234517923 1.073737725514786 -0.9858047555536695 -1.060235453363509 -0.07274618581079628 0.034073033367526415 2.049562209282933 -0.12364653034614592 -0.11179571019406737 -1.0543562658134529
76 760 0 0 0 -0.13379840952130714 1.0227641990015641 -0.9975426374133323 -1.057114498772034 -0.08176707495750861 -0.010567023314316427 1.9964078417471254 -0.09675169786259026 -0.09022171269186538 -1.1165576407199578
77 770 0 0 0 -0.10381240602513024 0.9821858728608039 -1.0193592145105153 -1.018467636600646 0.0012368758655089036 0.02851606667153836 1.992045318923564 -0.05788942219897576 -0.08820981197631514 -1.0283910011495248
78 780 0 0 0 -0.09787350424354967 0.967940013228207 -1.0398822577683087 -1.0154104520824354 -0.0022492726977788027 0.004606582888252882 1.9895800837421902 -0.06715653258129395 -0.04314747432823053 -0.9570490035629797
79 790 0 0 0 -0.08297946719164673 0.9703116404451381 -0.9923621608866648 -1.0455135584960278 -0.015075487202008336 0.029442805001029273 1.9896521158744562 -0.05172102625008751 0.02246472551185819 -0.963667057724464
80 800 0 0 0 -0.07669727526581767 0.9635670993965588 -1.0025439247416261 -0.9362265476426809 -0.012662490777916981 0.04885219164253933 1.9357676453007877 0.03312414487278531 -0.018257998817893306 -0.9723910556741071
81 810 0 0 0 -0.053267318242800274 0.941129518594449 -0.9720145369934342 -0.9226167419522933 -0.005852590537843632 0.00887165687826074 1.985390813607883 -0.03937879253919161 -0.011402726979048036 -1.039739961633769
82 820 0 0 0 -0.04501799911519116 0.9716897275094122 -0.975901730735459 -0.9080790859214702 0.00338641009714271 0.007360144422262415 1.9429853225167255 -0.04718116124395789 -0.027188975187116375 -1.093997415230264
83 830 0 0 0 -0.06125610096552293 1.0081439307187658 -1.0031383536009972 -0.9155352361665596 -0.01017322173417375 0.05337107524001633 1.975879874763793 0.024775911085585828 -0.012722906318568084 -1.0605536378374336
84 840 0 0 0 -0.05236049631226604 1.0218081690484784 -1.0273385284829344 -0.9104203313974584 -0.05151906432077968 0.08520227920240056 1.9798760520377083 -0.025829361418528263 0.0027504683138644417 -1.059774161649157
85 850 0 0 0 -0.024178738848095863 1.0085493452317036 -1.031800899580891 -0.9409161908611517 -0.06860143351068432 0.07259406844076102 1.989924693984161 -0.016960741448636373 0.0002826086703682021 -1.0316022273305334
86 860 0 0 0 -0.038305367212841154 0.9991721650734502 -1.0376490743026818 -0.9625571391502881 -0.04342021577898418 0.0528231849411058 1.9238350991718907 -0.002953741131562171 -0.03889204208827576 -1.0120844933530928
87 870 0 0 0 -0.05418780906471878 1.0055790634179689 -0.991645170092363 -0.9373140596649896 -0.03991126120873373 0.039199867091581235 1.9234515087009338 0.010896084648090172 -0.006297914332204113 -0.9999691013114294
88 880 0 0 0 -0.05318692000182101 1.0052877532329336 -1.025032362287148 -0.9847546263202669 -0.03701722083261441 0.039592048894638666 1.964504280753706 0.002660646836881027 -0.0019392322106787253 -1.0057338310290547
89 890 0 0 0 -0.0543006363579413 1.002610089108413 -1.0276309412816738 -1.0155708561752517 -0.02280102892040281 0.027597473919337777 1.9690407197377393 -0.007209492655836144 -0.002961189537815755 -1.0211811827861987
90 900 0 0 0 -0.05486669816133309 0.988444177551787 -1.031410021857497 -1.023060461855151 -0.026514266728555447 0.004661160952075874 1.9735314818376364 -0.029871309977637595 0.0026860479273446824 -1.028830638559815
91 910 0 0 0 -0.03798794560687763 0.9840664061344888 -1.0063555380498466 -1.0078737457146016 -0.04325528875264914 0.020419993720408994 2.011407374543734 -0.008881144701068648 -0.007686743740081171 -1.0322776512026155
92 920 0 0 0 -0.012963819765949288 0.9854206536898359 -1.012623099336551 -1.0005550517794388 -0.05192057692541404 0.01816907100449334 2.023504219198401 -0.005862612455857339 -0.006737041594191474 -1.0124273840281197
93 930 0 0 0 -0.024308592343875238 0.9826271480725008 -1.0123834227989075 -1.0087061341772212 -0.03189711956131489 0.00042420118982010833 2.0152370241323068 -0.010090253072903947 -0.004712928588259328 -1.0272735208398627
94 940 0 0 0 -0.030350081708911077 0.9982765031784722 -1.018004128869102 -1.002671210726255 -0.028493826959660018 -0.01640175012697211 1.981009901734462 0.0066745842099701904 0.005393664030036137 -1.0027632711675187
95 950 0 0 0 -0.029598290778453957 1.001270799144213 -1.007837062678564 -0.989514443397584 -0.032162440734416355 -0.006170063705380133 1.9707470435251087 -0.006750918701331707 0.011276635802252483 -1.0135414629880688
96 960 0 0 0 -0.017426642526934086 0.9768196041223369 -1.0080956843343165 -0.9710622069309249 -0.03195204859330745 -0.009099505125479516 1.9762152637164612 0.013130195971049106 0.0003731821952595323 -1.0178711534075753
97 970 0 0 0 -0.006091609510079537 0.9806365962870645 -1.0067832278979556 -0.98101477109661 -0.008785579059254534 0.002179039990601917 1.977488943604796 -0.0010430557481551101 0.013555474790995012 -1.0203050265572438
98 980 0 0 0 -0.004568952837389591 0.9860907094072914 -1.010185819977495 -0.9873918702402509 -0.011627998529725242 0.007553895693104409 1.9752033156071267 -0.016839032486768386 0.029051421887935074 -1.022114118427576
99 990 0 0 0 0.00046850585833409925 0.9819652700223329 -1.0146504606085807 -0.9926151231726534 -0.017977362245598878 0.007770543556239835 1.9856138648653818 -0.011283038786441414 0.023070748562132603 -1.0258633702574067
100 1000 0 0 0 0.007481677879668758 0.9823732686549451 -1.0096233880127807 -1.000496071959398 -0.027065317591497783 0.009410669279766366 1.9822484519773491 -0.014990051101275863 0.02192263109454436 -1.012363849867147
101 1010 0 0 0 -0.0037016914235074327 0.9865952338772122 -1.0066685250970733 -0.978450092863109 -0.023644249462535995 0.009443427809959975 1.9778747981265765 0.002755489335541034 0.01858315434869061 -0.9948808338991635
102 1020 0 0 0 -0.0038693575537268794 0.9876877440651606 -1.0031539536921048 -0.9743209204422932 -0.020102060093281388 0.0016222634371405135 1.9854593065957862 0.008917244488660561 0.02351401762838258 -0.9991946313041797
103 1030 0 0 0 -0.009640871658941098 0.9867691373455691 -1.0036445555078963 -0.9829522781590359 -0.012348598713585426 -0.0059459551010380834 1.9846355863727974 0.010598055999746937 0.01787320393997479 -0.9966318128397859
104 1040 0 0 0 -0.007657764262515212 0.9937233212259049 -1.0045128065029887 -0.995169187766154 -0.007510394978945086 -0.007820732469198012 1.97600969705926 0.006293106965006903 0.013291283769783179 -0.9969933939634578
105 1050 0 0 0 -0.0029549750136356814 0.9896851465729504 -0.9982612331548267 -0.9894562566104248 -0.003257513795326398 -0.0036140310941244684 1.9742233746990907 0.0018266175189137332 0.011115096396934051 -1.0057019557100495
106 1060 0 0 0 0.007429796352711016 0.9896770291467396 -1.0048135046532867 -0.9904785001186953 -0.0034592325911227705 -0.0031952977534247867 1.9876471518818088 -0.00019802037927394442 0.012296055054627344 -1.0029887351273234
107 1070 0 0 0 0.0055746833014457785 0.9959432181041054 -0.9979284517383928 -0.9851113052580793 0.0023103025985801145 -0.002793507715996165 1.9806272038941812 -0.0022418607103843885 0.019777248381908853 -1.0014115611549634
108 1080 0 0 0 0.007482277960979167 0.988953967079651 -0.9993512221756803 -0.9883281641096351 0.0030728389042864474 -0.004745104576048929 1.9849494958813012 -0.002230783875540043 0.014426086544089391 -1.0089358971468625
109 1090 0 0 0 0.004223296310738802 0.9802728938040224 -0.9946435404912071 -0.9900929015348809 0.008225439538500835 -0.0017725823619418799 1.9876601700935246 0.009014663425981142 0.008380775113036023 -1.0088145136277396
110 1100 0 0 0 -0.0017231441844112257 0.9831694297913223 -0.9934731410154612 -0.9846661126395728 0.004214444492755108 -0.0013337173239324558 1.9832391430439504 0.007942425747385427 0.007389118558637485 -1.006308505347513
111 1110 0 0 0 -0.003010625782649221 0.9832075606987188 -0.9930503057625197 -0.9903889682567162 0.0026798846753654923 0.002076842056968839 1.98445778677373 0.0023074234900605966 0.0026086790054076887 -0.9996907356651481
112 1120 0 0 0 -0.006751111752436927 0.9884587135170049 -0.994886083447444 -1.0003959278910375 0.0021791568731503444 0.004056733847683756 1.98573134685966 -0.0003895652375032683 0.0012873332378686667 -0.9964194513096287
113 1130 0 0 0 -0.00816465640344302 0.9927891661495567 -0.9916889605717379 -0.9995167554357423 -0.002576589061941754 -0.0003330225695021541 1.987243270693166 0.002343768899008992 0.004026176907612848 -0.9917024797574114
114 1140 0 0 0 -0.005918162967905812 0.9927330349844139 -1.0001495366109245 -0.9961683500475301 0.00359863891666888 0.0049391202870878274 1.9936826336161901 0.0030176283276254537 0.007418494790370543 -0.9971516742834627
115 1150 0 0 0 -0.007822591954603665 0.9944207895972306 -1.0039054847180404 -0.9927540051693436 0.002687500281715817 0.00681372577132284 1.9899269501381784 0.007455330473919768 0.0009880435879714522 -0.9924008461723846
116 1160 0 0 0 -0.0035280180398263752 1.0004158218985726 -1.003616702017549 -0.9955121317097642 0.004457053954285429 0.008442872965726576 1.9873343442268405 0.0014340410693315314 -0.006747682070163851 -0.9997517724406355
117 1170 0 0 0 -0.0021664872036725883 0.9968379240148163 -1.0027834003428224 -0.9918890435215835 0.003929702444579463 0.005306087366690875 1.9852229921109754 0.002285787614980509 -0.0012901623016167642 -1.0038982229096767
118 1180 0 0 0 0.0013851951952024875 0.9888874129139543 -1.0006957710375253 -0.9941809821893705 -0.0047348919155810335 0.008786719854682577 1.9894734839184625 0.0024711380506990694 0.00517014240381552 -0.995256434599047
119 1190 0 0 0 -0.00048574458709591407 0.9898142428638363 -1.0048142240461566 -0.9931286221110225 -0.002185554820058029 0.0032971200811981287 1.981962146007361 -0.0033474145169997355 0.007314116314407055 -0.9938496163315457
120 1200 0 0 0 -0.00551177006072567 0.991885749594769 -1.0008210884009892 -0.9867964348705514 -0.005206601726648763 0.0038664187943407806 1.9845835531153755 -0.0014057768630258906 0.00662840083434227 -0.9898619727200851
121 1210 0 0 0 -0.008713294783538144 0.987629887916118 -0.9995036197319762 -0.9859798040594316 -0.007765574383859814 0.0023424768655821433 1.9860707937259137 -0.0018954986617739694 0.0064466342360250395 -0.9913368506103093
122 1220 0 0 0 -0.006928602158594559 0.9891894701812335 -0.999524796585767 -0.9901451809459006 -0.0021418655903758244 0.0018854344650719806 1.985799718340161 -0.00020765723338530412 0.01036493209952047 -0.9925312771798367
123 1230 0 0 0 -0.006728630647523189 0.989751219456364 -0.9952240716735494 -0.9920185954130221 -0.005032292984026243 -0.007070816814693399 1.9821209631623897 -0.0010621316495201109 0.0068047388010131545 -0.9945467788640157
124 1240 0 0 0 -0.004868367503276745 0.9912175136916725 -0.9966090067685149 -0.9899609086401575 -0.0033468079769430315 -0.003563880398132843 1.9875310354949407 -0.003734201925315944 0.004651878236706859 -0.9950915419361372
125 1250 0 0 0 -0.0025519468588157362 0.9931876657348742 -0.9935404419340659 -0.9914615508580271 -0.0026870231784312504 -0.002760782382495545 1.989501038595394 -0.002357282960234386 0.0018286672963659723 -0.9986901204540649
126 1260 0 0 0 -0.002906508673898452 0.9886197781687648 -0.9952327217000365 -0.99083593723641 -0.0019642022656677473 -0.0019788709548385266 1.9892520225649748 0.0005986694965097795 -0.0004683162812823189 -0.9948108897022032
127 1270 0 0 0 -0.00464803082540731 0.9908265961278719 -0.9949147721460304 -0.995310708427136 -0.002356691211286509 -0.00148530388298566 1.9873239041042567 0.0011632134366322204 -0.0001423076193786552 -0.991781401527708
128 1280 0 0 0 -0.005894581666083089 0.9923045399060835 -0.9948080015765393 -0.9924669465048623 0.00016898663313231707 0.000689921590741356 1.9898677360639487 0.00012461139966895803 0.0019069826643657863 -0.9931105253440553
129 1290 0 0 0 -0.0038451933070380263 0.9946769363407655 -0.9931905384844346 -0.9939202012370443 -0.0011683364271333676 0.00316720553640333 1.9886233153560862 -0.0019100178106235934 0.0022272340744702475 -0.9917855599029819
130 1300 0 0 0 -0.0021374235103438465 0.9948831960074833 -0.9910981019163736 -0.9946787218883726 0.0002418069297275292 0.00021668535356645128 1.9884637984893105 -0.00496579483177622 0.004296953099923363 -0.9981036447317111
131 1310 0 0 0 0.0002077461752212972 0.9941812428914405 -0.9915481433115039 -0.995496145788037 -0.001031299352874378 0.0007299393616178637 1.987522229933641 -0.0044834330740384605 0.0025527031449056265 -0.9979543357064986
132 1320 0 0 0 0.00017236946244767061 0.9946824295301282 -0.9924636446403854 -0.9933358162470715 -0.002813387825812036 0.0009070406009088808 1.9898075663406298 -0.0018420734509584865 0.0019532851975258077 -0.9950818945262212
133 1330 0 0 0 0.003991305625019148 0.9948737776125173 -0.9923100438995174 -0.9917447363997709 -0.0009992080924454512 0.0020392081614796784 1.9899695460141773 -0.0007751142205373576 9.709119514817127e-05 -0.9949595044403436
134 1340 0 0 0 0.0028773195910819665 0.9925438367516274 -0.9929480416932361 -0.9919461185107453 0.000875541108437494 0.0006316498697633156 1.9866346430966315 -0.003514562116711132 0.0006322274145917914 -0.9957231125650914
135 1350 0 0 0 0.0024295385101996865 0.9939154107939707 -0.9922871544344081 -0.9941159960786061 -0.0008854810132414798 0.001618478579523326 1.9862721665274425 -0.004474484090940612 0.00013573632906464567 -0.9966345068215536
136 1360 0 0 0 0.0015238601555759915 0.9952022888896421 -0.9921292267816937 -0.993586311556744 -0.000945587742848883 0.0014367957903647583 1.987419506781499 -0.0024581499043765448 -0.0006352136430675697 -0.996563427883729
137 1370 0 0 0 0.001506648152085664 0.995396337811115 -0.9923561108241001 -0.9946329743707252 -0.0012570585219623038 0.0015090979170279027 1.9879448034193397 -0.0016643620148320574 0.0003109008752243124 -0.9952873027335978
138 1380 0 0 0 0.0017832981363775221 0.9957152827710393 -0.9926087655933121 -0.9948051729331728 -0.00034064190632120725 0.0013400516222276887 1.989010914965207 -0.0013867365758910032 0.0004975886341241004 -0.996221518734178
139 1390 0 0 0 0.002267285515638257 0.9940800554634286 -0.9933659267442938 -0.9937357771656724 -0.0008111271509941634 0.0018745156596455986 1.9894595740970957 -0.0007967166034652821 0.00036610575895515494 -0.9961897028744641
140 1400 0 0 0 0.002476484671537459 0.993550388624123 -0.9927386567087921 -0.9933950073874998 -0.0009970828279911557 0.001315365184557992 1.9888146863164482 -0.0007869624853672648 0.0011325760201666842 -0.995987325674321
141 1410 0 0 0 0.0014703819639012125 0.9943854827619947 -0.9929880599611248 -0.9944271392279698 -0.0003945562096765744 0.0021955262613346637 1.988601664410693 -0.0011170807573957818 0.0008995168023707906 -0.9951460598086171
142 1420 0 0 0 0.0008350151422042561 0.9948806784623245 -0.9940996467946565 -0.9940622991756336 -1.1037912406988466e-05 0.0011329922131302968 1.9896316531144742 -0.0007302797990332918 -0.00012363437441312297 -0.995994056156345
143 1430 0 0 0 0.000757495834905925 0.994773450778604 -0.9943041354396966 -0.994313446590984 -0.0007146874853704077 0.00047576020941928615 1.989640192277113 -0.0009212519771581352 0.00010259524264391389 -0.9967547250918714
144 1440 0 0 0 0.00012878861676805724 0.9940212577777733 -0.9940876643119241 -0.99313527839535 -0.00026178986486677445 0.00026523236301342727 1.9891352165021503 -0.0001327527513137428 0.00032547918359422396 -0.9959352298989295
145 1450 0 0 0 -0.0005547305960693857 0.9940578979128188 -0.9943507145994548 -0.9932871179314553 0.001017063164135203 -0.00028278960687711386 1.9893033308459818 -0.0002772807849776104 0.0011600875139073743 -0.9962194583921242
146 1460 0 0 0 0.00028622659743107216 0.9937058808462529 -0.9941926325064206 -0.9950457676615081 0.0006803169816136896 -0.00011290489969965 1.9895014981280008 0.000265380003752795 0.0003888383306504873 -0.9959876296159638
147 1470 0 0 0 -0.00022819636329498154 0.9943102531982158 -0.9943436324951325 -0.9950105815417329 0.0008027599652637252 0.000499924557762566 1.9897302472914857 0.0011496900615431478 0.00010103683502435293 -0.9962233918900497
148 1480 0 0 0 0.00013547642070702406 0.9937610517303321 -0.9941073888729586 -0.9947147010119266 0.0003029987390418546 0.0004844525291198485 1.9899761631540642 0.000958895746387929 4.7595765637128154e-05 -0.9954597468406052
149 1490 0 0 0 0.0002619633709259193 0.9941790927237252 -0.9944828568192813 -0.9948139650112453 -0.00031901659346086626 0.0007592373315265913 1.99004383213241 0.0006046919389775079 -6.835648687797395e-05 -0.9950733553312938
150 1500 0 0 0 -0.00044828510918402053 0.9941421511564283 -0.9949775206320848 -0.9952887438158935 5.0792635865340603e-05 0.0007242152282002247 1.9898683289616643 0.0001900983375679441 9.106335567229311e-05 -0.9948873651549268
151 1510 0 0 0 -0.00013379754223240032 0.9945550076116206 -0.9951213704546664 -0.9951322563844904 -3.497554229166851e-05 0.0008047459557766856 1.9901537811107657 -0.0002935658648272283 0.00020524339058429605 -0.9950996900935467
152 1520 0 0 0 -0.00027961047070180865 0.9950274158069354 -0.9947657349420966 -0.9950159712977393 -0.00020549367709971766 0.0002872622057335251 1.9902906001764755 -0.000443146143912383 0.00015335670746849576 -0.9953803441006348
153 1530 0 0 0 -0.00020865887945348125 0.9949968300183152 -0.9952384532992569 -0.9951088141136112 3.38040417173191e-05 0.0007859996058917709 1.9902098542482676 -0.0004010982756510038 -0.00010917224516402667 -0.9951967362415597
154 1540 0 0 0 -0.00010222200741816676 0.9950353710360176 -0.9954168001793533 -0.9951772965587999 0.00021765968488611495 0.00031075427117964043 1.9899857937281387 -0.00034084179917444286 -0.00019795028055250127 -0.9950258926412794
155 1550 0 0 0 -0.00010533382113143904 0.9952506161761344 -0.9954655841841876 -0.9950609116851807 9.627592462803299e-05 -5.865072095976616e-05 1.9894774787380016 -0.00019820103007971499 -0.00014461926778786292 -0.9948304938639239
156 1560 0 0 0 -0.00016911329949755873 0.9946657466530948 -0.9952971558107248 -0.9949736193310146 -1.237826542685501e-05 0.00017064005551797396 1.9900768742876287 0.000140245332205483 0.00010651429866903279 -0.9949308709675102
157 1570 0 0 0 -4.781413767020175e-05 0.9947847247220294 -0.9953575810044688 -0.9947229490439687 -0.0002169971189478407 8.923209134980107e-05 1.9897557273928763 0.000161971526496307 -7.485730418467436e-06 -0.9949639848873967
158 1580 0 0 0 -3.626066295813306e-05 0.9948589358944163 -0.9953174232916382 -0.9946859471675054 -4.0705546483002226e-05 0.0001966185903122667 1.9899028209648262 -6.850765309511411e-05 6.246886844327168e-05 -0.9952676471144374
159 1590 0 0 0 9.042126953431995e-05 0.994943775831638 -0.9954562291436635 -0.9948894018554619 -8.755421756398082e-05 0.00021653226866147126 1.989977709549402 -7.888427298106554e-05 1.9128387044981823e-05 -0.9952395883186761
160 1600 0 0 0 -0.0001005156557027852 0.9950675088963541 -0.9952642554434867 -0.9948407120124328 -0.00010635947958334617 8.363354590627195e-05 1.9900329537160748 -0.00027231347207700546 0.00012721534093315548 -0.9952596169068615
161 1610 0 0 0 -0.00012945196024074308 0.9952740300854288 -0.9950526174782408 -0.9948050036077687 -9.099402688055701e-05 -0.00010873385555177308 1.9899226793574547 3.820864457205347e-05 0.0001893099938832096 -0.9950480618269415
162 1620 0 0 0 8.645718601080126e-05 0.9953136678604693 -0.9950994836858136 -0.9946189448790765 0.00011926507456750926 -0.0001170959781736486 1.9898102214720448 5.422654655061908e-05 8.418332588780008e-05 -0.9949424530815181
163 1630 0 0 0 0.0002254930271912355 0.9951167445640462 -0.9950582991789783 -0.9949585278600908 0.00012185015790115996 3.830225986175366e-05 1.9896996293661071 7.598344079559551e-05 4.6806383207351375e-05 -0.9949321851086239
164 1640 0 0 0 0.00011209040731271081 0.9949528860955719 -0.9952052755205643 -0.9950470625842709 0.00016897528537551692 0.00011066678002567749 1.990032283742513 6.190823299889872e-06 3.808212713800188e-05 -0.9950574206538808
165 1650 0 0 0 -3.641133998451248e-05 0.9951785982313205 -0.9949980433897672 -0.9949654956520486 6.746450202344002e-05 1.6455215257587377e-05 1.9899454948251334 5.75964828543076e-06 0.00010892490326347318 -0.9949035623745646
166 1660 0 0 0 -5.767255848194626e-05 0.9952283884107092 -0.9950155829078158 -0.9948812701991603 1.6505617074836384e-05 -9.878189891187616e-06 1.989973408564624 2.7030813167152663e-05 4.6805349887454e-06 -0.9949900249401049
167 1670 0 0 0 -6.452822500677103e-07 0.9951599671830607 -0.9949567817978087 -0.9947452731971431 -6.244691718733218e-05 -0.00013146183553711276 1.9899597487901801 -1.554954813454435e-05 2.0426341144699604e-05 -0.995005236272309
168 1680 0 0 0 0.00012956905143701432 0.9949472104836379 -0.9949202977606322 -0.9948020033610616 7.028516318612872e-06 -0.00012415461379950974 1.99000515566337 -2.8217945459952798e-05 -4.2611404445919005e-05 -0.9951587957035264
169 1690 0 0 0 2.846461083418172e-05 0.9949712914414073 -0.9948373630326667 -0.994890020872589 8.997866952926285e-05 -0.00019701154012315882 1.9899310866653188 8.045721787665788e-05 -2.095057739440773e-05 -0.9950118520176281
170 1700 0 0 0 1.0849988791319586e-05 0.9949412389292618 -0.9949239482897019 -0.99490363316573 -4.381246423562053e-05 -0.00014840718288447019 1.9899098998723295 0.00011074791398810334 7.215801986914139e-05 -0.994919163151011
171 1710 0 0 0 -2.197012713600729e-05 0.9949841864075595 -0.9949721266658109 -0.9949823822877906 -0.00011779783437103529 -9.750459225708258e-05 1.9899262149637904 0.00010975709553408799 1.2455374499735132e-05 -0.9949057147233834
172 1720 0 0 0 3.256075438650931e-05 0.9949959338185557 -0.9950255617189208 -0.9949870580177596 -9.378122302570292e-05 3.658093913606535e-05 1.9898795679782384 0.0001346512859539444 -2.9134286366064714e-06 -0.9948433462318667
173 1730 0 0 0 8.531837278748614e-05 0.9949531163898557 -0.9950721952511529 -0.9948980340165013 -3.849329329826786e-06 -2.174731108811529e-05 1.9898855152193495 9.882483146029931e-05 -2.0190127016212975e-05 -0.9949748172201276
174 1740 0 0 0 4.232148669073909e-05 0.9950120538305411 -0.9950425348978935 -0.9949109667966036 8.377607345258258e-06 -5.3121242894546654e-05 1.9898393105743453 7.356824851868116e-05 3.5540576718467147e-05 -0.9949192370657431
175 1750 0 0 0 0.00010282303655488912 0.9949624933811982 -0.9950055471443249 -0.9949586402236281 -6.323711053463095e-06 -0.00012775898261854264 1.989845841545224 0.00012278888646680695 -8.870740842931132e-08 -0.9949233284185156
176 1760 0 0 0 8.60332733219911e-05 0.9950132559737299 -0.9950382505881478 -0.9949947392222633 4.524900305431598e-05 -4.331879402828271e-05 1.989799433373871 0.00010987263377062948 4.158725416217043e-07 -0.9948968368564014
177 1770 0 0 0 4.751350446620873e-05 0.994964850525722 -0.9950574261143407 -0.9949234523672781 3.011413644068154e-05 -3.997525515533562e-05 1.9898182896483956 0.00015318119117016928 -2.1398706893963382e-05 -0.9948986063867911
178 1780 0 0 0 7.983693529940399e-05 0.9949570802781538 -0.9950743541382079 -0.9949641575434967 -8.63378903105204e-06 -3.902074626983752e-05 1.9898130313218898 0.00010235290832616239 -3.095744165001934e-05 -0.9949202675599712
179 1790 0 0 0 4.526312926166532e-05 0.9949598845685967 -0.9950297308844773 -0.9949940631919052 -2.344166150286764e-05 -4.238788627051298e-05 1.9898772875373893 0.00012021772418565195 4.4502887709560945e-06 -0.9949109141737654
180 1800 0 0 0 5.4346549617363426e-05 0.9949591875334727 -0.9949868630626844 -0.9949747962579418 -1.2798802327183483e-05 -6.846433141552991e-05 1.9899082328307667 8.247868419759965e-05 9.40132645225298e-06 -0.9949523526757983
181 1810 0 0 0 2.450295324658355e-05 0.9949655941911635 -0.9949951430215824 -0.9949840601380038 1.3897740157642017e-05 -5.1488092551842586e-05 1.9899130550998008 4.429911771312285e-05 5.406867879729786e-05 -0.9949790944561003
182 1820 0 0 0 1.5919844490942925e-05 0.9949751624941483 -0.9949889293012261 -0.9949637465543391 2.0238388160771132e-05 -4.323623826852113e-05 1.9898449730557402 3.6936361871386026e-05 6.414583960043437e-05 -0.994972269018249
183 1830 0 0 0 5.491466969237501e-05 0.9949662326142126 -0.994979382216019 -0.9949587377280334 1.6497107713924675e-05 -1.199819250642399e-05 1.9898731530441633 5.463260510940146e-05 5.843725342549003e-05 -0.9949668690732757
184 1840 0 0 0 0.00010161558395254697 0.9949312602612681 -0.9949679980835582 -0.9949535227563968 -6.29546632224077e-06 -2.6897957972457657e-05 1.9899044942501 3.681563853113388e-05 2.5287818366612114e-05 -0.9950131102691987
185 1850 0 0 0 9.909114269097894e-05 0.9949451493192806 -0.9949760905113768 -0.9949576822062829 4.013971821672846e-05 -2.052944008014273e-05 1.9899157949218371 2.762236348231328e-05 1.1357524852985946e-05 -0.9949888299180389
186 1860 0 0 0 7.214542982108909e-05 0.9949220383715315 -0.9949834570275297 -0.9949832573218416 4.839920884103724e-05 -4.890664547526219e-06 1.989912318965027 3.0286164376646044e-05 -1.974628067715129e-05 -0.994988360577701
187 1870 0 0 0 6.901765175577957e-05 0.9949677162738026 -0.9949470173433058 -0.9949536983327418 2.4894380037730726e-05 2.150197872164875e-06 1.9899197284048924 5.0964501372745616e-05 -2.6641121324459146e-06 -0.9949701765457146
188 1880 0 0 0 5.1435825205467345e-05 0.9949692855659599 -0.9949509129672269 -0.9949440975410209 -1.4850127792264873e-06 2.5447020187569832e-05 1.989919798429492 1.9417368051214045e-05 6.3667152984981144e-06 -0.9949465489221712
189 1890 0 0 0 -9.464465965326646e-06 0.9949821700997972 -0.9949646896167814 -0.9949497926404294 -4.65114721830564e-07 -7.1504536118937146e-06 1.9899192883001762 1.1904265582267495e-05 9.13893191610476e-06 -0.9949331205643465
190 1900 0 0 0 -4.135731446968614e-05 0.9949952706924553 -0.9949750150189279 -0.9949476394485202 2.0354440913810107e-05 -1.163433057236936e-05 1.9899089561403027 -5.3205924481906985e-06 -1.2592583184569566e-05 -0.9949110617888564
191 1910 0 0 0 -2.196295428778846e-05 0.9949859902337651 -0.9949975871399328 -0.9949641855022897 2.077407265650975e-05 5.3391714390580445e-06 1.9899090381482867 -8.04444138184035e-06 -1.625099664672244e-05 -0.9949077196728205
192 1920 0 0 0 6.153018924783259e-06 0.9949751174288584 -0.9949711908401366 -0.994983372915927 4.0186209388370396e-05 2.4002600789468566e-06 1.9899141186162543 -3.5959437355868554e-05 5.265532706964634e-06 -0.9949646090207489
193 1930 0 0 0 -6.288092924957678e-06 0.9949598077146138 -0.9949708613499084 -0.9949584902258728 1.8621612415679668e-05 2.1980117633632994e-05 1.9899160383232184 -1.4445395213555863e-05 -1.4032211285513788e-05 -0.9949316888215141
194 1940 0 0 0 -7.095052796917043e-06 0.9949628263079342 -0.9949699877136373 -0.9949560540319509 2.0180838801354255e-05 -5.151595690590542e-07 1.9899148397943431 -2.0404881024733104e-05 -1.754105595345923e-05 -0.9949417896447275
195 1950 0 0 0 8.213423512397368e-07 0.9949688392983707 -0.994964498625259 -0.9949353717972322 1.8071499879364868e-05 -1.7820971320319687e-05 1.9899069418239792 -1.1309264294386802e-05 -6.444998289269864e-06 -0.9949613920091095
196 1960 0 0 0 1.1929551185448663e-05 0.9949635993198556 -0.9949592852573896 -0.9949569039171666 5.277770674499809e-07 -8.679184771133192e-07 1.9899273337919015 -5.198703021415327e-06 -3.3482306726800987e-06 -0.9949624318764889
197 1970 0 0 0 9.942759073703832e-06 0.9949624057679209 -0.9949577369551308 -0.994958943469842 -5.0034752958936734e-06 -1.3398946397744741e-05 1.9899502784841578 6.002495497701557e-07 -9.293028392162779e-06 -0.9949621984615258
198 1980 0 0 0 -9.631304729360425e-07 0.9949649219282868 -0.9949740883313081 -0.9949659293645077 5.2382781330155664e-06 -7.920014159126478e-06 1.9899340814906443 2.2900774866052323e-06 -8.873956748942754e-06 -0.9949436596576408
199 1990 0 0 0 1.0915107227007082e-05 0.9949612727891867 -0.9949612285164271 -0.9949694941390089 1.5541470224738025e-05 -1.0724701893220717e-05 1.989930630986755 4.3442820314302e-06 -2.6095498264064143e-06 -0.9949511862792717
200 2000 0 0 0 1.555248539722042e-05 0.9949595887144634 -0.9949616493753755 -0.99496440662736 8.867762238407123e-06 -1.914984675173152e-05 1.9899318546281903 -3.841575319540174e-06 -7.372974726428733e-07 -0.9949539819747324
201 2010 0 0 0 1.83900212630601e-05 0.9949537714022603 -0.9949591741897243 -0.9949672824179946 4.655184555637785e-07 -1.0616315548531274e-06 1.9899220817231371 1.5392770922210872e-06 1.4985066171781873e-05 -0.9949578495369193
202 2020 0 0 0 1.3373983223766446e-05 0.9949570261933623 -0.9949698210841111 -0.9949677459945956 -9.896855631201641e-06 -4.5674383901866914e-07 1.989927265790823 1.7839968668610705e-07 8.150035152443969e-08 -0.9949528713379946
203 2030 0 0 0 3.0942844350698698e-06 0.9949565346847304 -0.9949715184769428 -0.9949689801694729 -4.574828130677228e-06 8.178175726374958e-06 1.9899252218923422 -1.059554070947121e-05 1.3689018912481214e-05 -0.9949464998505618
204 2040 0 0 0 4.152865094499878e-06 0.9949590867590294 -0.9949717600299012 -0.9949687914182048 -2.1669527486083063e-06 2.2546243652962377e-06 1.9899198532686624 -4.764578037494121e-06 4.674465432267628e-06 -0.9949498771114575
205 2050 0 0 0 3.6819038942582267e-06 0.9949563103263404 -0.9949694916483725 -0.9949607988302807 2.2249237996923983e-06 -3.5712641763013223e-06 1.989922881021105 -6.402456494066332e-06 -1.3004162597302517e-06 -0.9949507153147603
206 2060 0 0 0 8.709560749576778e-06 0.9949550461165964 -0.9949657261679782 -0.994965753821005 3.479403162746073e-06 -1.1092997699364072e-06 1.9899146626424924 -1.6943987097557549e-06 3.91748352545055e-06 -0.9949546884578102
207 2070 0 0 0 1.624178995553363e-06 0.9949543215901955 -0.9949703873134712 -0.9949627119444471 6.465592026296018e-07 3.049952353423483e-07 1.9899177504281358 -3.3059072301156786e-06 4.3726658215536005e-06 -0.9949555117401532
208 2080 0 0 0 5.06069490364478e-06 0.994953602260533 -0.9949657097311168 -0.9949637259923249 2.7563381001661094e-06 7.364838001207429e-07 1.9899096725338974 -3.0675577272005017e-06 -2.688973556666678e-07 -0.9949527027812162
209 2090 0 0 0 7.1139989382673526e-06 0.9949559055561596 -0.9949659254120785 -0.9949653377796945 2.318187133367988e-06 -4.2160054030837235e-06 1.9899131664649312 2.2500727821178507e-06 6.481691903175424e-07 -0.994953119101713
210 2100 0 0 0 6.042219424489065e-06 0.9949601641706547 -0.9949643317788963 -0.9949627458957006 3.3514625981511794e-06 -4.0807625431279555e-06 1.9899134262247362 6.456467095084246e-06 -2.694392717988325e-06 -0.9949534805130269
211 2110 0 0 0 4.144473323530629e-06 0.9949564857873424 -0.9949638775026859 -0.9949595086210291 -1.3558324102257223e-06 -7.296628557465684e-06 1.9899118662191588 4.08712937657327e-06 -8.267084827161759e-07 -0.9949523140577422
212 2120 0 0 0 7.403155713620794e-06 0.9949562222171024 -0.9949632216519182 -0.9949626759971691 -1.6051806056987287e-06 -5.248855081910913e-06 1.9899090386644935 5.4475071027640945e-06 -7.442478134120975e-07 -0.9949546836624001
213 2130 0 0 0 5.074042197846899e-06 0.9949597346561743 -0.9949648753433191 -0.9949623854836157 -3.3896590366618194e-06 -8.73409486659208e-06 1.989908204669336 3.196294881162711e-06 -8.104846554757521e-08 -0.9949583720461451
214 2140 0 0 0 1.530405250120263e-06 0.9949616524605804 -0.9949655069647954 -0.9949607213127906 -4.049023691139506e-06 -1.0416218941210434e-05 1.989911215487132 4.867059267424673e-06 1.2013052591942301e-06 -0.9949589807909962
215 2150 0 0 0 -1.1892767006760576e-07 0.9949571062580318 -0.9949656259979274 -0.9949617107553528 -6.504231081897328e-06 -8.251831917520359e-06 1.9899171975955987 4.390837621013129e-06 9.144145071845848e-07 -0.9949560882524731
216 2160 0 0 0 3.915885447185266e-06 0.9949584065583403 -0.9949662129083048 -0.9949600400490585 -3.155189683459629e-06 -7.298496075653693e-06 1.9899128276176943 5.425632705929345e-06 -6.12470771515107e-07 -0.9949603290846836
217 2170 0 0 0 2.986765833902234e-06 0.9949562979036171 -0.9949650516466322 -0.9949613438504272 -1.9754461378583795e-06 -3.509919510244888e-06 1.9899103793975914 1.3673273001759693e-06 2.401832122824067e-07 -0.9949619371188902
218 2180 0 0 0 -6.064468025969728e-07 0.9949585974342087 -0.994965858170199 -0.9949636153245796 -5.3254575621274404e-06 1.790191318439034e-06 1.9899137190104172 2.360888287419969e-06 -1.52929201570845e-06 -0.9949600735491521
219 2190 0 0 0 4.580883263348328e-06 0.9949586161828512 -0.9949656303951062 -0.9949624141713118 -1.4460351428369319e-06 -2.493643484512791e-06 1.9899118337701829 -1.7833396086042583e-06 -9.889060354058888e-07 -0.9949617740074566
220 2200 0 0 0 1.7577192010576198e-06 0.9949579499387587 -0.9949654048859218 -0.9949619832024781 -3.101868945029354e-06 3.2343557173093674e-06 1.98990787078557 7.898395022192479e-07 1.5161193078811455e-06 -0.9949594765711369
221 2210 0 0 0 4.177472959611126e-06 0.9949559287001404 -0.9949643077484454 -0.994962001000198 -3.4544661203412688e-06 2.794551710312282e-06 1.989906963001248 -8.651582828839154e-07 3.2179250013554312e-06 -0.9949611423218472
222 2220 0 0 0 2.8162306707431964e-07 0.9949561188095251 -0.9949655380537344 -0.9949642745444578 -4.246557708079739e-06 -5.550060363638663e-07 1.9899099996456624 -8.559235557634767e-09 1.5582668428644568e-06 -0.9949602499829577
223 2230 0 0 0 1.1680412415515176e-06 0.9949545473907813 -0.9949631402042753 -0.9949633802138134 -2.201083127867815e-06 -2.2317548634690888e-06 1.9899116060657356 -1.4569383076327824e-06 -1.0187769734968042e-07 -0.9949617239355428
224 2240 0 0 0 1.6381645677612854e-06 0.9949550811446735 -0.9949608796824164 -0.9949622205086059 3.8599854276856434e-07 -1.7624504258719096e-06 1.989910734440412 1.6574359372926575e-06 5.341476146352783e-07 -0.9949608726363597
225 2250 0 0 0 1.1310540028402762e-06 0.9949560416631962 -0.9949595689139624 -0.9949608799932337 7.866258780903175e-07 -1.0360301295822126e-06 1.989910209692142 2.7491361645959884e-06 5.682918285290692e-07 -0.9949586676339173
226 2260 0 0 0 1.0559160262983489e-07 0.9949564827377309 -0.9949584572941875 -0.9949604226004992 2.0942954708935074e-08 -1.1472430895218127e-06 1.9899134553505944 1.4684883947712816e-06 -7.047256209798742e-07 -0.9949586478619961
227 2270 0 0 0 4.980147548522899e-07 0.9949567774244231 -0.9949593243918881 -0.994960255478456 -5.953388450296167e-07 -6.434093370046953e-07 1.9899155856965116 6.795791974436673e-07 1.9335511906776905e-06 -0.9949586348620658
228 2280 0 0 0 4.0121034047318627e-07 0.9949568151820583 -0.9949597445765361 -0.9949588371160276 -6.438416187873907e-07 6.598121082606126e-07 1.9899151033686744 -8.871572614991151e-07 -6.982403605797538e-08 -0.9949583926213261
229 2290 0 0 0 1.8375840727855958e-06 0.9949591768847956 -0.9949589444693041 -0.9949573082496661 3.2885713814561586e-07 1.805227420447673e-07 1.989913259401704 -2.3437550199089476e-06 -1.31178695080186e-06 -0.9949599091597163
230 2300 0 0 0 7.810675799440176e-07 0.9949579234124671 -0.9949580107783724 -0.9949585221875885 -1.3130338436939902e-06 1.806646675340778e-06 1.9899129060187981 -3.348865955649375e-06 9.332586239513464e-07 -0.9949579663394473
231 2310 0 0 0 6.249847726218614e-07 0.9949581177743624 -0.994956009558795 -0.994957417992498 -5.435744222229347e-07 2.9448357515368808e-06 1.9899124905846348 -3.3807900337418137e-06 1.3458779428317024e-06 -0.9949584534070609
232 2320 0 0 0 1.2941921897271462e-06 0.9949583828262196 -0.9949569466716837 -0.9949577211243559 5.753507133268929e-07 2.0431964700296867e-06 1.98991204984284 -2.745026125071293e-06 4.2423285128002253e-07 -0.9949593127819215
233 2330 0 0 0 4.100499989353839e-07 0.9949579298713827 -0.9949582386956453 -0.9949596557778289 -6.648988371394624e-07 5.436730551818856e-07 1.9899118227405799 -1.7106538498946501e-06 -3.8482949266809204e-07 -0.994960580572849
234 2340 0 0 0 2.419285778277062e-07 0.9949573767928757 -0.9949583901398035 -0.9949599580286742 7.698165499957207e-07 1.0796872352523605e-06 1.989911557348818 -4.323584440481061e-07 -3.15062917343633e-07 -0.9949618164652284
235 2350 0 0 0 -1.3781931210730516e-06 0.9949578544023481 -0.9949578096459564 -0.9949596246273389 1.0768801484470252e-06 -1.456050147903519e-07 1.9899118074232691 -5.083195984139703e-07 -4.4699103044188675e-07 -0.994960423950737
236 2360 0 0 0 -1.079249493925721e-06 0.9949581019013467 -0.9949578511632486 -0.9949600979035964 1.4944714079644724e-06 5.501194631530154e-07 1.989912341821166 -2.7098544216137995e-07 1.231300181236284e-06 -0.9949596376001588
237 2370 0 0 0 -1.6325284605361176e-06 0.9949595412383794 -0.9949574746638167 -0.9949603737696493 1.1716213033293353e-06 1.3865922475523e-06 1.98991283169528 1.6590026251469742e-07 -3.22793578092167e-07 -0.9949592464833745
238 2380 0 0 0 -1.451962514549704e-06 0.9949594177564363 -0.9949578611993031 -0.9949609210875547 1.1456829327490793e-06 3.568465513119226e-07 1.9899130374507537 -4.545589618178691e-07 -1.4791178953128753e-07 -0.9949590444152616
239 2390 0 0 0 -3.1381501191392504e-07 0.9949585709611563 -0.9949575771373512 -0.9949597319411987 6.85324988968564e-07 2.775011003466778e-07 1.989912826608713 -6.359669627949257e-07 4.310992754709204e-07 -0.9949595377619738
240 2400 0 0 0 -2.0618256263482783e-07 0.9949589047470859 -0.9949578350390937 -0.9949594695420906 4.1240695139574277e-07 8.253859503346346e-07 1.9899133503440094 5.411520741357865e-07 6.487645849263528e-07 -0.9949590528926131
241 2410 0 0 0 -2.2697549675666285e-08 0.9949585233182074 -0.9949571911350761 -0.9949598794348865 9.58899653517129e-07 1.1651783308888112e-06 1.9899132306861302 5.239235525195752e-07 2.355601814100206e-07 -0.994958719640936
242 2420 0 0 0 5.4866741222374006e-08 0.9949576822870486 -0.9949574910968277 -0.9949584160254302 6.38176704971544e-07 4.771476206929281e-07 1.9899127992772585 -2.6561023205096756e-07 5.479546453885824e-07 -0.9949577181958305
243 2430 0 0 0 -2.6519348621386666e-07 0.9949577855008207 -0.9949583140123346 -0.9949586315085597 2.721824643411541e-07 3.0006983278107464e-07 1.9899122011231514 -5.613762497423816e-07 4.447637022841237e-07 -0.9949585197683607
244 2440 0 0 0 -9.009806427772186e-07 0.994957683515639 -0.9949584522728309 -0.9949591747598701 3.008533430496944e-07 1.9296574144095929e-07 1.9899121432866322 -6.096094219109165e-07 5.403175850628164e-07 -0.9949588063822998
245 2450 0 0 0 -3.706381169477565e-07 0.9949580056123188 -0.9949585976590052 -0.994959259299093 3.214382699945756e-08 -1.8517312819015344e-08 1.9899119407936525 -6.343903759262972e-07 -5.503652160760839e-08 -0.9949593814264649
246 2460 0 0 0 -2.091319545354161e-08 0.9949579750038942 -0.9949582801582522 -0.9949590972794513 -4.6580916076826945e-07 7.575517677847884e-07 1.9899128450417585 2.220887837438481e-08 4.0039920966218357e-07 -0.9949590960124133
247 2470 0 0 0 -2.540897217214443e-07 0.994958502121682 -0.9949582320204216 -0.9949589279461486 -3.037294595615027e-08 6.491882223198764e-07 1.989912196551236 1.7938349038791572e-07 2.941297721122731e-07 -0.9949592450868572
248 2480 0 0 0 -2.1312667401439285e-07 0.9949589592013548 -0.9949578426158887 -0.9949588877312847 -5.104161281646858e-07 1.2681155134976793e-06 1.989912248533543 3.384278967013761e-07 6.119025172516128e-07 -0.9949589084364315
249 2490 0 0 0 -3.325557064225886e-07 0.9949585983560633 -0.9949581593760228 -0.9949585426426825 -6.796051637417327e-08 9.17484131210762e-07 1.9899120704217343 -1.6495134421442428e-07 4.891375613674414e-07 -0.9949586532925725
250 2500 0 0 0 -2.2590335752578456e-07 0.9949587146162449 -0.9949585103769751 -0.9949588189303338 3.1557963104484797e-07 8.839388322510742e-07 1.9899122685797508 -4.1184578175877505e-07 6.046044451535141e-07 -0.9949587710435543
251 2510 0 0 0 8.835144757397848e-09 0.9949585715783069 -0.9949585637804245 -0.994958454882894 7.864722153618473e-09 7.312671595445616e-07 1.989912215611319 -5.316732142789398e-07 4.899026013194991e-07 -0.9949590044054974
252 2520 0 0 0 1.8016442654250238e-07 0.9949583677116434 -0.9949588422630017 -0.9949579733571237 -2.3446415916681556e-07 4.2027116964432107e-07 1.9899123022588179 -6.892491306699014e-07 3.2617938647600686e-07 -0.9949589973766795
253 2530 0 0 0 -4.039892926955714e-09 0.9949588804486702 -0.994959027556603 -0.9949584819250883 -1.475552891007634e-07 4.679174208645993e-07 1.9899126100093858 -3.605407874922802e-07 -2.409831945199519e-08 -0.9949590235206016
254 2540 0 0 0 2.0336820905362308e-07 0.9949587980733934 -0.9949590379852227 -0.9949585209806334 -4.770431535742376e-07 5.908592523242888e-07 1.9899124790591114 -2.772483687796617e-07 1.2380703790391951e-08 -0.9949591683484007
255 2550 0 0 0 9.182902988221745e-09 0.9949587858864544 -0.9949591524177429 -0.9949583550554608 -3.47369438178111e-07 9.131774427898863e-08 1.9899125358900913 -1.3688173055811855e-07 3.123879998250736e-08 -0.9949589733603608
256 2560 0 0 0 -1.285894517489658e-07 0.9949589254368048 -0.9949591137600873 -0.9949583769989274 -1.5131063338062274e-07 2.007671806033548e-07 1.9899125462348255 -3.065113541592001e-07 2.1219152369879656e-08 -0.9949590289560277
257 2570 0 0 0 1.4015658913053299e-07 0.9949590015537251 -0.9949589825373997 -0.994958441190757 -1.903902917223119e-07 2.499287779869836e-07 1.989912560395342 -4.1150354030456036e-07 8.780011046053087e-08 -0.9949588378214682
258 2580 0 0 0 2.4220227370716216e-07 0.9949588785329285 -0.9949589857778178 -0.9949586151336555 1.0525072313294727e-07 4.134445289970736e-08 1.9899126419080124 -3.139234951923292e-07 4.671632031740962e-08 -0.9949587641642945
259 2590 0 0 0 4.1387427126527957e-07 0.9949587784086924 -0.9949589528640819 -0.9949584404288554 1.683994140962528e-07 2.0010417827719758e-07 1.989912733333809 -1.3441409577406768e-07 5.8362377210705336e-08 -0.9949587318576714
260 2600 0 0 0 2.601680387900081e-07 0.9949588209696985 -0.9949588722863918 -0.9949585779577537 5.5323985358906665e-08 3.0757583826870177e-07 1.9899127817524724 -1.2622646962838552e-07 6.777542248916767e-08 -0.9949587119398915
261 2610 0 0 0 2.92426448100493e-07 0.9949587612550161 -0.9949588128958677 -0.9949586354264393 9.559816594750433e-08 1.0361750626129633e-07 1.9899127105522245 2.066654037613428e-09 7.790499712501118e-08 -0.9949587867129153
262 2620 0 0 0 1.2188179365054637e-07 0.9949588036028982 -0.9949587556146423 -0.9949586096902183 3.1152054110401716e-07 4.931891499199484e-08 1.989912506370923 -1.3488060327945556e-07 -1.1492585085638577e-07 -0.9949587820373774
263 2630 0 0 0 2.2028890435186354e-07 0.9949587042028508 -0.9949587013917423 -0.9949584091080663 1.8135726919730637e-07 -6.609496194598927e-09 1.989912439869899 -1.5164754257025865e-07 -9.444431727768734e-08 -0.9949585106425884
264 2640 0 0 0 1.1326008507142967e-07 0.9949586424367772 -0.9949588373724816 -0.9949584244182749 7.923976079259197e-09 -8.59478206050165e-08 1.989912414384898 -1.1612625936855735e-07 -8.500306023359116e-08 -0.9949587366718879
265 2650 0 0 0 1.0570928579188558e-07 0.9949586262864525 -0.9949587976842456 -0.9949585524996418 1.9141400545760938e-08 -1.7641267924534985e-07 1.9899123727813348 -1.0659695486183565e-07 -1.0011001014715426e-07 -0.9949587873909498
266 2660 0 0 0 5.7430637013037445e-08 0.9949586766105811 -0.9949585549343241 -0.9949585431619015 9.673725875904277e-09 -9.582819328083532e-08 1.9899123272499484 -2.2619639976471845e-08 -1.1685296239768135e-07 -0.9949585954432614
267 2670 0 0 0 4.882188304935646e-08 0.9949588120294042 -0.9949585307779458 -0.9949585022967266 -2.8806626330063383e-08 -8.494533281076139e-08 1.989912306993186 -1.3052009059499894e-07 -1.5952690912909617e-07 -0.9949586007597734
268 2680 0 0 0 -7.089086630449282e-08 0.9949587951255234 -0.9949584828543685 -0.9949584857937632 6.90008310784712e-08 -1.3559840581937855e-07 1.9899122423372408 -9.093785445799595e-08 7.27242871524964e-09 -0.9949585275851843
269 2690 0 0 0 -3.727974623077575e-09 0.9949587762223313 -0.9949586170343343 -0.9949586575395339 5.170742548922724e-08 -8.103607424171422e-08 1.989912236760381 -1.072228909380378e-07 -1.0017393789374588e-07 -0.9949588248015302
270 2700 0 0 0 -2.8310569436284118e-08 0.9949586318413852 -0.9949585151728166 -0.994958649353517 1.0550273265563058e-07 -9.130154700781053e-08 1.9899122846207953 -7.689440423136458e-08 -8.874786653313999e-08 -0.9949587759463273
271 2710 0 0 0 -8.509339173521962e-08 0.994958647631176 -0.9949585498304643 -0.9949587056200697 2.2617087473143877e-08 -5.3227508971982735e-08 1.9899122357206356 -3.497393106251149e-08 -5.8014796124756626e-08 -0.9949588251559139
272 2720 0 0 0 -9.945658405569688e-08 0.9949586978552893 -0.9949585628087205 -0.9949586345927848 -6.05186374693582e-08 -3.327037004500531e-08 1.9899122633928972 -6.151069452457604e-08 -7.681527969416126e-08 -0.9949587362942451
273 2730 0 0 0 4.201626733721923e-09 0.9949586566447319 -0.9949585821129336 -0.9949585811376976 -3.4076949748382204e-08 5.473297288958292e-08 1.9899122718251707 -5.045074168652783e-08 -1.1115114500961859e-07 -0.9949586724436119
274 2740 0 0 0 -5.762160112685602e-09 0.9949586794199365 -0.9949586367696162 -0.9949586529364437 -3.753800463586136e-08 4.287343537217266e-08 1.9899122762737578 -3.776748641369466e-08 -6.720006194913479e-08 -0.9949586813779427
275 2750 0 0 0 9.81027193714229e-09 0.9949586584437762 -0.9949586959007606 -0.994958631303957 -8.60513908754218e-09 -4.9074901769627754e-08 1.9899122816782167 -6.697021110357656e-08 -2.7212631507684038e-08 -0.9949586686278427
276 2760 0 0 0 -2.62898004555782e-08 0.9949586533394401 -0.9949586735043923 -0.9949586043581491 -2.406767506708766e-08 1.958508044014961e-09 1.9899123105618342 -4.262240962838403e-08 -3.2993612388810867e-08 -0.9949586315230581
277 2770 0 0 0 -2.8163885164852543e-08 0.9949586232320637 -0.9949586402813964 -0.9949586075283938 -3.1873928212493145e-08 2.2301672284594082e-08 1.9899122539399123 1.3458647030838661e-08 6.038195305078293e-08 -0.9949586324446498
278 2780 0 0 0 -1.4600675396092513e-08 0.9949585999359143 -0.9949586664748221 -0.9949586729903628 5.304273053126511e-08 -4.998740524296952e-09 1.9899122420222455 2.7751834943389436e-09 9.215660514848963e-08 -0.9949586103872554
279 2790 0 0 0 3.0470203428164106e-08 0.9949586211321346 -0.9949586552771814 -0.9949586754127144 6.714136818472025e-08 3.9641808762410257e-08 1.989912234607666 -3.570477107226724e-08 7.160656248815744e-08 -0.9949586346896169
280 2800 0 0 0 1.1250287065963419e-08 0.994958622168798 -0.9949586602336642 -0.9949587045922779 5.6413255216532845e-08 6.321063414667948e-08 1.9899122527510125 -2.4180834915203985e-08 3.628905742285377e-08 -0.9949586698247702
281 2810 0 0 0 1.388144110066584e-08 0.9949586068781446 -0.9949586395660202 -0.994958677035353 3.540817967413319e-08 6.569195188901555e-08 1.9899122618802194 -1.2940782787492693e-08 2.0124044120448746e-08 -0.9949586598951248
282 2820 0 0 0 -1.8854873947587585e-09 0.994958602072815 -0.9949586311277272 -0.9949586529812636 1.5075532869877457e-08 4.4140270195190984e-08 1.989912245843583 2.4723339864213434e-09 -1.0064310603633314e-08 -0.9949586356818922
283 2830 0 0 0 2.009524878224191e-09 0.9949586250814918 -0.9949586353635779 -0.9949586395829656 4.472629921358107e-09 3.6363972800852716e-08 1.9899122648234395 3.010338333890538e-08 -3.1484935486563276e-08 -0.9949586320084102
284 2840 0 0 0 2.694861043851492e-09 0.9949586223389157 -0.9949586246224174 -0.9949586173327531 -2.7303780306179375e-08 3.068967955075748e-08 1.9899122303005674 1.1080749874820564e-08 -3.681908453714065e-08 -0.9949586378610866
285 2850 0 0 0 -1.0006867624587491e-08 0.9949586139125814 -0.9949586241710084 -0.9949586470227406 -1.483523639029854e-08 4.744096506769384e-09 1.9899121942326738 1.5161237818691892e-08 -2.617882520281117e-08 -0.9949586610489523
286 2860 0 0 0 -2.186703244148151e-08 0.9949586466019122 -0.9949585986724978 -0.9949586345374455 -3.205443123225862e-08 2.2050697352823117e-09 1.989912194318348 2.512442996116802e-08 -2.612879110213752e-08 -0.9949586566423607
287 2870 0 0 0 -2.1044834927926557e-08 0.9949586329420423 -0.9949586359847788 -0.9949586340425495 -1.1694195041848763e-08 7.235737147742906e-09 1.9899122292964238 1.0535248018578545e-08 -1.4666010601924466e-08 -0.9949586466632148
288 2880 0 0 0 -6.410552761884133e-11 0.9949586242758561 -0.99495863971762 -0.9949586334522889 -1.2086958316892162e-08 7.003328843131722e-10 1.989912223391796 7.882960611848696e-09 -1.5710561579145526e-08 -0.9949586499241613
289 2890 0 0 0 -7.4027239829944e-10 0.994958634825835 -0.994958650461899 -0.9949586503160717 9.65511959669136e-10 4.421388058857461e-09 1.9899122319572484 1.5454432770467587e-08 -1.9082190360263338e-08 -0.9949586428753682
290 2900 0 0 0 3.220339916966238e-09 0.9949586414585851 -0.9949586545166517 -0.9949586485623312 -2.1214749062625534e-09 -6.654229583264431e-09 1.98991223263593 3.6869216634632825e-08 -2.148737939247323e-08 -0.9949586473213888
291 2910 0 0 0 -3.225263014393429e-09 0.9949586175164207 -0.9949586553259451 -0.9949586448991068 8.706980676073067e-10 -7.212767648379711e-09 1.9899122266304554 1.4469210502813625e-08 -2.356391013414131e-08 -0.99495863340192
292 2920 0 0 0 -4.7719815035529016e-09 0.9949586299157429 -0.9949586538781108 -0.9949586513829246 7.777316739133676e-09 -7.196524714480247e-09 1.9899122367462532 1.7917359986434956e-08 -1.8835051521108515e-08 -0.9949586258554579
293 2930 0 0 0 1.5662609516321558e-09 0.9949586322182773 -0.9949586460450025 -0.9949586477221093 -5.249557292279595e-09 5.5438374265869805e-09 1.9899122400263693 1.3399366342546355e-08 -1.660320844825698e-08 -0.9949586249519381
294 2940 0 0 0 -1.1328778766630107e-09 0.9949586356101225 -0.994958625921141 -0.9949586460326125 -7.435629134183518e-09 7.987295524199492e-09 1.9899122338632205 9.627650537748164e-09 -2.5473618772475748e-08 -0.9949586266841008
295 2950 0 0 0 -7.886633692716865e-09 0.994958642685581 -0.9949586338380236 -0.9949586544580864 -1.433306214604872e-09 9.751295859022792e-09 1.989912230440114 1.2316597889054475e-09 -2.216857901236573e-08 -0.9949586223069613
296 2960 0 0 0 -1.501868774823063e-08 0.994958648222889 -0.9949586436099517 -0.9949586536266581 -2.271613604602089e-09 7.300960256417246e-09 1.9899122284814679 2.452871546173555e-10 -1.661209910696541e-08 -0.9949586249531697
297 2970 0 0 0 -3.4567029983958246e-09 0.9949586359996985 -0.9949586379301527 -0.9949586480819048 1.1269725277221e-09 3.1456008624531138e-09 1.9899122317943982 7.952591774531165e-10 -1.371329354947096e-08 -0.9949586274504902
298 2980 0 0 0 -4.111739930519582e-09 0.9949586411416405 -0.994958633175173 -0.9949586387063845 -5.570854916216809e-09 3.570680517091692e-09 1.9899122302402008 7.24861156807721e-09 -3.6998449670554582e-09 -0.9949586288102257
299 2990 0 0 0 -6.790889196453369e-10 0.9949586393018937 -0.9949586322470183 -0.9949586339846224 -8.60321642178944e-09 9.17359886521459e-10 1.989912229019777 7.893096713213217e-09 4.750679578140067e-10 -0.994958635046064
300 3000 0 0 0 -5.1883689894399774e-09 0.9949586372702306 -0.9949586338476701 -0.9949586399209601 6.141704992353261e-09 2.186222752463087e-09 1.9899122272492575 3.358428856466243e-09 -7.0369195701827516e-09 -0.994958639225175
301 3010 0 0 0 -4.8879497507454595e-09 0.9949586401713182 -0.9949586351662068 -0.9949586336807846 6.784348319022459e-09 -3.1573769111752183e-09 1.9899122306832966 -1.5514934764210184e-10 -9.003935176590856e-09 -0.994958642012375
302 3020 0 0 0 -1.4796102852079498e-09 0.9949586360676065 -0.994958633865127 -0.9949586382630663 2.9461813847960244e-09 -5.361895641134921e-10 1.989912240516277 4.524653411660712e-09 -3.1760095016879794e-09 -0.994958633953551
303 3030 0 0 0 3.185793306750413e-10 0.9949586376931971 -0.994958635360586 -0.9949586402027988 9.892174532347298e-09 1.2528523831923465e-09 1.9899122395087165 6.424161160661509e-09 -2.0223662765111233e-09 -0.9949586340065386
304 3040 0 0 0 -3.9608540010259485e-09 0.994958638702814 -0.9949586392990228 -0.9949586371977218 5.948682880236564e-09 1.0376894579936073e-09 1.989912239733116 -1.5678624491655586e-09 -2.321642656690797e-09 -0.9949586321074687
305 3050 0 0 0 -1.478503297908612e-09 0.9949586341138388 -0.9949586372336784 -0.994958638779361 -7.0343796487418845e-12 4.425649993603794e-10 1.9899122372538218 -7.324669733111823e-10 -2.296354067650652e-09 -0.994958631001367
306 3060 0 0 0 -4.538978565443769e-09 0.9949586409632553 -0.9949586396186687 -0.9949586405260014 -9.782550921056639e-10 4.5619443716029345e-09 1.9899122362296535 -1.8381402648743021e-09 -3.072866315611684e-09 -0.9949586326961493
307 3070 0 0 0 -4.513851263118323e-09 0.9949586466703904 -0.9949586364342455 -0.9949586425931152 7.788071623396252e-12 3.306006353880339e-09 1.9899122335997146 -1.0228351871858511e-09 -1.2085247094352821e-09 -0.9949586359629494
308 3080 0 0 0 -2.083536380279929e-09 0.9949586390169416 -0.9949586376504507 -0.9949586397338688 -1.62017119793802e-09 9.548544617852533e-10 1.9899122355523946 2.450293502356592e-09 1.5967836798225042e-09 -0.9949586354856904
309 3090 0 0 0 -4.51143216004085e-10 0.994958641491579 -0.9949586372206479 -0.9949586377129878 -1.9551917141496662e-09 3.89798947770167e-09 1.9899122336601223 9.883922859656859e-10 4.334849594798719e-09 -0.9949586346853183
310 3100 0 0 0 6.076520819087673e-10 0.99495864195949 -0.9949586349117148 -0.9949586404100748 1.2645602409907753e-09 -4.019673244179383e-11 1.9899122315770124 9.764043987512906e-10 -1.3491130890326164e-09 -0.9949586383224938
311 3110 0 0 0 3.370363201220396e-09 0.9949586386346537 -0.9949586361518886 -0.9949586387276235 -9.656473035990567e-11 -3.34294560734061e-10 1.9899122331940249 6.024417957994912e-10 -3.1424799735472885e-09 -0.9949586379892845
312 3120 0 0 0 4.6090911603832756e-10 0.9949586379776398 -0.9949586385755393 -0.9949586375404293 -3.0644402309825237e-09 -1.4408856207254853e-09 1.9899122335476072 2.632330155414066e-09 -1.2131573597997636e-09 -0.9949586369936658
313 3130 0 0 0 -2.116409100456249e-09 0.9949586368717616 -0.9949586396100925 -0.9949586393382941 -9.271408802049321e-10 6.152457868732107e-10 1.989912233692027 -1.7581238161160687e-09 3.4287062469220075e-09 -0.9949586354838617
313 3130 0 0 0 -2.116409100456249e-09 0.9949586368717616 -0.9949586396100925 -0.9949586393382941 -9.271408802049321e-10 6.152457868732107e-10 1.989912233692027 -1.7581238161160687e-09 3.4287062469220075e-09 -0.9949586354838617
