% # columns="iter, evals, sigma, 0, fitness, xbest" seed=1053574, Tue Feb 24 20:47:27 2026, <python>{}</python>
1 10 0.451058934235455 0 61.66571357766425 -0.9206845809374901 0.1854921542874335 0.9517190489101329 1.2692528722459278 -0.0051338820954472935 0.2284271663663926 0.16988949419434082 -0.220583445502925 -0.3526465177524562 0.9751990845284215
2 20 0.45875935548707997 0 65.43784624089209 -1.2653062690750916 -0.060808538613810005 0.1719023383892528 1.1491587109236818 -1.2127627326926027 0.021975086075247563 -0.024510103720498305 -0.049877211039449205 0.5430174964734328 0.27510229907951966
3 30 0.4631279662474196 0 75.9195613517023 -1.9800679410408153 0.08982700873320876 0.7709892307047376 1.5314833339730856 -0.8982267985731756 1.0636411223976592 -0.15383193799152475 0.33120119162790695 0.31731512237873305 0.05923387828979426
4 40 0.4741167056177098 0 103.35093501036029 -1.6912205785329866 -0.5139111072845844 0.8607770670284969 0.719226759281737 -0.9845073228512111 1.2773663390517453 0.4539711587313002 -0.028260245011003396 0.00549334939261828 0.3418499297976423
5 50 0.4807484886297005 0 64.61433787975221 -1.9778775211662822 -1.1001285045865534 0.20039400798437212 0.0032864933235783322 -0.8600051766460469 1.0404577614903368 0.28351258642596044 0.8094356370454389 0.19947084540567112 0.5945295128364471
6 60 0.47430785733076347 0 86.55305768661202 -1.882753801550331 -0.7914527946482915 0.8223054728017039 0.4862869369840257 -1.517051433999974 1.7521870349185553 -0.12233116013425238 0.8736025915904913 0.09009309573509966 0.9049061862892112
7 70 0.4827019977642785 0 97.18658602070708 -1.3948240721403793 -1.0654185491914947 -0.2227673049561728 -0.78415233558539 -0.5741008102496693 1.8311740787202884 1.0651446676518832 0.7872292124199869 -0.07593419403248623 0.5679614481126565
8 80 0.45500537261739227 0 75.9658720329897 -1.9051896108267066 -0.8898621060026576 0.1232981911645887 0.7281405147290836 -0.6385794083038886 0.2740552424511278 0.29962665768655994 0.9542682051870672 -0.013200122492987625 0.7623012610915684
9 90 0.4159321156034763 0 91.44237935036557 -1.814142900627195 -0.8489707891770993 0.17556286051958 0.11528297542268601 -0.3912063978654925 0.36259550330896945 0.19204343133180382 0.8073802442201943 -0.2510729751612849 0.7450704932666321
10 100 0.39759615326474107 0 60.05137429865028 -1.717601915990833 -0.24774022579104038 0.1400698557723476 0.0060740971588387205 -0.88210221223102 0.12455971028971236 0.9096816869713431 0.6142229907896335 0.10840615214324939 1.0868009087841193
11 110 0.3891491501832907 0 53.11138043663992 -1.095078536351498 0.01006969302948768 0.27263829538918616 0.7073276474001583 -1.0241446820209572 0.9386146119833112 0.7132777726872808 0.9512198522257227 0.17411698933996136 0.8888352714405247
12 120 0.3637068349120441 0 67.40402626138152 -1.0821941929427048 -0.4429879671554604 0.8508374158531937 0.269439541655333 -0.8272756242277955 0.9730001702030786 0.22489344849188828 0.7354658431470362 -0.07846819297163153 1.009206815980795
13 130 0.34343215478788647 0 58.8836725531919 -1.7433219096070172 0.22702643054796007 0.15866883478042546 0.8840509662525127 -1.091842100084759 1.0693126320492836 0.3620252960688731 1.0749523832698833 -0.15033733351303372 0.9990951499965047
14 140 0.37207458501182383 0 79.23098292544 -2.3899530619628644 0.28970128941371537 0.20509989935280204 0.7690470940054859 -0.09916908189225027 -0.10697571672360706 -0.046133778095193506 0.6343653364521404 -0.14809476981326078 0.983834580087793
15 150 0.405684219211569 0 77.59182526162826 -2.1741642630961904 -0.09029994228288615 -0.020484432619855504 1.189985847877129 0.1781375807744623 -0.004759722480884965 -0.3212905636369263 0.4817187325902509 0.15329495913384872 1.2793701429068696
16 160 0.42632640267534033 0 85.99600354743924 -3.0995337749133327 0.6868137372630249 -0.22730330926956865 1.0260236613974594 -0.009255050483589322 -0.35802768578814165 -0.18869429012298108 0.8098574456200545 0.10999706563977232 0.4026739502914096
17 170 0.44266628481086434 0 88.57391852096356 -2.92966837593549 0.07121532340941422 -0.5974504140068139 0.4027540272854063 0.03481115904393983 0.14984162846755428 -0.004242728709835331 1.10639762666873 0.48419474597765877 0.3004314389269781
18 180 0.46714893458674905 0 74.36697743982917 -2.9558134866364467 0.2096375200526877 -0.4507944429091331 1.1706662700035595 -0.41279848865973323 0.11543088839473595 -0.041018870881083996 0.8272306182543672 -0.08505460681330862 0.11236940909537568
19 190 0.4726312680003894 0 74.88004087697277 -3.2189888806585834 0.11003151296399538 -0.9124594327818186 0.6821566545566285 -0.08443620673573723 -0.07822090199486068 0.810409704348967 1.4006679165131368 0.154931686724931 -0.13146317916296707
20 200 0.4497787932983755 0 82.09267037180756 -3.049532022393284 0.2947653378467123 -1.0861740113596077 0.9320670439500707 0.329567430740127 -0.973925879013587 -0.12255517004213168 1.303433211495229 -0.2633030369060033 0.25462295128328283
21 210 0.439747253140038 0 76.61496865132081 -2.8532813289431807 -0.1465744296195814 -0.8367808864227801 -0.20668779717988683 0.8190847681298091 -0.9962206850020408 0.4409491795632341 1.1639207483816152 -0.9928281946689295 0.7013498464741508
22 220 0.4307442569408389 0 78.96740687631109 -3.0604218298482806 -0.2344468168960298 -0.9981976078346619 -0.29269350890931484 -0.026138887839179614 -0.09041156049000343 -0.38126244230484796 1.033356793216365 -0.5587588048387722 0.8285582982069906
23 230 0.4396615152042089 0 84.59515544028658 -2.2271809525477773 -0.8010010336648911 -0.6704981966882457 -0.26296531668154977 0.12013842808608646 0.06456052736140738 0.19468910568567774 1.0147278414471428 -0.6117031429114705 -0.22021253445914857
24 240 0.4581797381959532 0 83.61653177879114 -1.6927149352189508 -0.35760144734672283 -1.2051681057667092 -0.09170769621460581 0.3687398077309784 -0.05441045567564764 0.7862257464013179 0.8191595944739894 -1.0362990308022177 1.175798214834045
25 250 0.4651505201580633 0 86.55324175501904 -1.4601934526984406 0.008031666756040723 -0.9444493894701502 -0.126609421590907 0.564827495280569 -0.24479170899082586 1.0622186907999513 1.4418847153007373 -0.8780191207942207 0.14921439378634282
26 260 0.4201688619878274 0 59.930474966846056 -2.1547581794584727 0.09319882838273645 -1.0119996526092572 1.0273731034190827 -0.04602880271518983 -0.24393557399415833 0.3650203002433086 0.9603863866514085 -1.0676963816477172 0.6378266988689878
27 270 0.42252713040035017 0 76.56210392824684 -2.7612255128937258 -0.27846035094163973 -0.854499294595993 1.2978065927141809 0.057251095672179286 0.052273488034849325 0.6782831689343004 1.1620422231685201 0.164921153651979 0.9448083408920254
28 280 0.4014588839254909 0 70.39481723897075 -1.9096402555161327 -0.6583698527800883 -1.2282426616691962 0.18932220306218406 1.042198461764127 -0.13991058252760002 1.1161797002174778 0.8817357259751711 -0.8052543466834114 0.7046027962116327
29 290 0.4523930126547991 0 88.31142007039843 -2.002702624781117 -0.721684169795836 -0.3103527804986471 1.9863350563628983 0.3567346091835454 0.7323482522159334 0.7246592535353454 0.9476617425847655 0.13746196873067595 0.2359759036109766
30 300 0.5185838651330512 0 53.56821311250479 -2.9212149580638904 -0.7492871171416677 -0.6864878971375455 1.7703679259493708 0.03857160863498971 -0.13676438999793578 0.07642765005096008 1.0075172209172922 0.01078033820268616 0.9791624071487667
31 310 0.6019975644560679 0 78.97291977744793 -2.941140396480137 -1.0243634485247348 -0.10881433679037894 1.3055816372088316 0.6243585569409242 -0.12870094404345733 -0.05593515171220703 0.42305215677200286 0.0902949908024192 1.2146324131365545
32 320 0.6669586894490461 0 96.43356768589337 -2.851438354030199 -1.9393268089912288 0.2254590270542678 1.944995472224735 -0.21890181925600583 1.0914838953068962 -0.49857076978567116 1.1452740240154684 0.5544998531650174 0.7459734658004284
33 330 0.7180219476938101 0 74.95182519002304 -1.739505855586701 -2.189827424918256 1.1157493343949354 1.6828628721466927 -1.1775059050044827 1.9990112989316258 -0.8751418941736169 0.948520298230731 0.7276246100576793 -0.08625669909008682
34 340 0.7272757767187772 0 98.92742954103703 -3.7088730437100343 -1.946386629418258 -0.23990663965406456 -0.0009116105565976085 0.5626310405812249 1.7227363345835398 -1.0885956446118068 0.3482212906173369 0.8409949792262277 -0.060508672181097595
35 350 0.6372142037223666 0 75.07421423520945 -2.3312125921788995 -1.0999216902304354 -0.9162388630714962 1.1029355279195077 0.27346519059664387 0.7101624123564845 0.9694369809830464 1.1791633055184612 -0.2999609570733621 0.03886733102490555
36 360 0.5921766261158619 0 90.39708772651113 -1.9997668253925514 -1.3861511342330208 -1.107970052084209 0.873644932338651 1.3405137918168812 1.2086837943648456 0.5204380961823158 1.0650790731748248 0.047198780348090275 -0.265944050433033
37 370 0.6039847602142396 0 62.360143863575715 -1.0795213347545192 -1.2190447980775916 -2.2205629422390314 0.1833098607309347 1.8622952157160237 0.7331622656166137 0.9059000939514008 1.111948041913498 -0.8340675701040767 0.9892499007262763
38 380 0.6306428525651216 0 90.51775726177961 -0.6614439730329982 -1.9591486730496837 -1.4879284058830693 0.7443001880655824 1.8846784887523518 0.769553174724001 -0.1283505202866616 0.8584529502261012 -0.22879581708815686 0.18126286592711952
39 390 0.6136111750970938 0 70.6048157327599 -1.1661559489727518 -1.147513073284759 -1.5359653149045844 1.0905060165865064 1.9178235769797836 0.24666856791527747 0.7479637013729787 1.0309325606500506 0.20377225180316705 -0.026798934488062864
40 400 0.5548642175831233 0 66.2776425609336 -1.8677771101552665 -1.0046238962640663 -0.2452137504242985 0.9424747558326462 1.000829391213375 -0.05608362158960334 -0.39657679866437434 0.53827914873055 0.1605147464472681 0.12148880711495111
41 410 0.5532404436855544 0 91.11333449944838 -1.1732191390245552 -0.9440195187671631 -0.2939413071133923 1.5737960041073191 1.223408325422397 0.6771542898016458 0.14202242368915807 0.6629821983635651 1.0947505071646673 0.09180398219502695
42 420 0.5368513895826711 0 54.73961823142035 -0.04750018898402364 -1.9539270818221417 -0.12548654311718155 0.7466228215942142 0.6523288792397075 2.099660555369627 -0.012530740270322971 0.8931067980633904 0.2322341656250752 0.09931503431656537
43 430 0.5273117983809211 0 55.26849046727199 0.8322676761663463 -1.2128838278733052 -1.0440137089728925 1.0309265318209055 1.4397592235989074 0.7575099471999696 1.0021596351827178 1.138361156539121 -0.03889857243049266 -0.010745938035182978
44 440 0.49464904537534404 0 55.77309437899972 -0.8664331913304912 -0.9999545916917579 0.14328994437693832 0.5028150109292295 1.0083861185220893 1.2577217245007972 0.07665343162565691 0.9562341383748671 0.8087653716111431 0.14850532959540336
45 450 0.44977112654565854 0 49.333674080066245 0.03535599835738523 -1.2571827677267708 -1.090478564256065 -0.011490341983704355 1.1761217900755763 0.7456000806757853 0.7621094656309648 0.9504134128547843 -0.025433214344258936 0.16969997181368324
46 460 0.43162043333518035 0 67.53698474798335 0.012347602001627794 -2.102513266707118 -0.32352275878296943 -0.14899817531467685 0.8659863371435906 1.2517425144728616 0.25818813620949965 0.7241853198124854 0.8860758825412214 0.0597830843732004
47 470 0.4614747577545476 0 55.01263240400002 0.14637459721847182 -2.10476544350848 0.06636961634050131 0.2552126060575888 0.23811548101624702 1.1621859303547772 -0.05320404020086733 0.7831616662103912 1.2064516922677164 -0.00467590545059704
48 480 0.4818525524239115 0 74.03896483777474 0.9551998208985101 -1.2162969338144076 -0.6641065102626318 0.039534891762127766 0.07025685308807034 0.9449285342034915 1.6638788829702855 1.1435443224045043 0.5589983048568965 0.11128195544994762
49 490 0.48214700425258156 0 65.48180836044884 0.28380452348497437 -1.9213459755106772 -1.0751233361122163 0.04708627958917094 0.6883280806220751 0.8039351107935899 1.6149378097948497 1.0190082792710031 0.9242463068698695 0.07003357398802192
50 500 0.5168048668755457 0 89.8377666378527 -0.6352497421045206 -2.8263972335873717 -0.9280290114997148 -0.5908929426982916 0.8945399931144149 1.157209209843214 1.226560569771006 1.039986453942283 0.38124759915052875 -0.07730582129523181
51 510 0.5348932519509929 0 52.960630288647515 0.13663727040768625 -2.089461667740199 -0.090383667206829 -0.21241079925330852 -0.1600901621943791 0.7249473255607986 1.833015450905615 1.0988428634617793 1.0107002009902435 -0.16668152771572814
52 520 0.5090995732152143 0 91.55606035420405 0.40421312247495444 -2.336758574748468 -1.1742828187688383 0.42669693427158206 0.9929442423643486 1.2181593774505508 1.7394627490050438 1.0342702570149367 0.9923070552339679 0.021128004843580794
53 530 0.4811581965854326 0 86.523496035198 -0.6356326842279346 -2.0111332812138056 -0.9908087619799032 -0.327944961441032 1.0756433286519578 1.303134517387694 1.321781907936674 1.2024705635203814 1.0534397004900913 0.18631043096768773
54 540 0.45211274227848636 0 86.64635787960837 0.13057483709298723 -1.8822415515390547 -0.20638739938061978 -0.08903945618509665 0.2696725859448873 1.9331277720579614 1.2938968533191775 1.4437273584091057 0.869502773260241 0.7146610372250157
55 550 0.43830322301248736 0 92.1276396811893 -0.4041499568579423 -2.5107586838584126 -0.11833864900708346 -0.06455174349277047 0.03814982593286309 1.6698753585432682 1.1422273520994004 1.133141914605318 1.2575649411805552 0.8593811057030852
56 560 0.4356689371852178 0 86.5473561454379 0.4092991760842491 -1.8838723294017394 -0.9308809164529965 -0.3574755266130877 0.9697098999401068 1.1834573836906435 1.1783851760923165 1.0502430593170282 1.463812852333684 0.8527901969480949
57 570 0.41268141185401164 0 72.92071295545831 0.15898734779938256 -1.963082231710639 -1.4120686200131856 -0.6484185251324268 1.012125051919232 0.9916130301947919 1.016713871898225 0.8873592603855291 0.4317571735185537 0.9352185553786436
58 580 0.3815757012124332 0 87.1874134844931 0.3340576554875578 -1.8368144235168713 -1.5956454674007257 -0.16242522683243468 1.1203318156714852 1.1377009952807473 1.6408481117038953 1.004262528056394 0.8284795238904152 1.108878308004296
59 590 0.3323386597157474 0 67.42111431096295 0.11520401899020838 -1.9690161581689565 -1.2368348623453933 0.2855918571422284 1.122982660145774 1.0499096881263716 1.2813017168522325 0.7315268408755604 0.8329316543232506 0.9682244551080335
60 600 0.3052767336870498 0 70.40806267820982 -0.9703147471178019 -2.0175957985445976 -1.4067172921252706 -0.32290659808012073 1.0413726642022036 1.2383105520209938 0.8386566227559098 1.1421752460292482 0.8205728246322059 0.9576425719945034
61 610 0.3292858537945369 0 55.753589540520395 -0.7938534975678185 -2.12684244346701 -0.7843602866074242 -0.04099934390913587 0.050129475958735625 0.6379784075271201 1.143965604957841 0.908488112756299 0.904612982092747 0.8678085742855084
62 620 0.32083019964732856 0 61.669964468681385 -0.520475297720157 -2.086935289028176 -0.8366398206048185 -0.2306603089362285 0.13827990443689875 0.9810977512169616 1.1429599051740646 0.7692735245282444 1.002143913182833 1.0307619514760535
63 630 0.3031099536936735 0 59.49463433641539 -0.13544452271771845 -2.1485483788004642 -1.1961514300632665 -0.09069708402095016 0.9150599904777544 0.9274039639401639 1.0050434923543305 0.554073708375528 1.1822745987192298 0.8356489803959555
64 640 0.3139871199661447 0 40.87142831738481 0.2882344953618804 -2.0315758200991483 -1.202254249746998 0.010232370863792195 -0.037520680540864715 1.1607753748639724 0.998896571168989 0.8449598494477936 0.9576314757039092 1.0630162105397698
65 650 0.3233537839375489 0 74.24347078579814 1.1591154443039942 -2.190992012308116 -0.7905520849514731 -0.2516850537849644 0.20713706541305293 1.0424654600497132 1.068791157874055 0.7936784648617818 0.6412485767613697 0.8839333556999911
66 660 0.3274145371577325 0 58.08066324782529 0.07345269158586076 -2.152881308523212 -0.7396743397333992 -0.09558738302664196 -0.8497836777477037 1.7338161826384795 1.0003800863135117 1.0309555562835997 1.2126859490048632 0.8490024892920601
67 670 0.3071757982675537 0 70.0699853752396 0.11610255347839743 -1.7765413227563038 -0.4214373388284649 0.08670831560730685 -0.414509449132178 1.1565021232778987 1.1283013325343223 1.041151674076972 0.8624730945755917 0.9896013119353887
68 680 0.2894074246786085 0 57.799157307866814 -0.20008497259263053 -1.9332783747579632 -1.3314686425437219 -0.07766271000446788 -0.12835644265782786 1.214996056888821 1.081759177419492 0.8693091524092371 0.8581259911546945 0.8438780461518302
69 690 0.2902251072641515 0 74.46283575126424 -0.05550187693248414 -2.17803465920858 -0.8256219010916466 0.35915854084765453 -0.728372531053341 1.10463602969506 0.7962280027376007 0.8248761231661081 0.933066250643325 0.7581260559844074
70 700 0.27541405716915246 0 63.46060672248355 0.46303722216004845 -2.018008483737094 -1.261444366498763 -0.0792461782107699 0.2141640098047759 0.9869014205867555 0.9929742808128391 0.7889775590987403 0.9964594508714616 0.8124143365157918
71 710 0.2480560740673029 0 60.12689118764813 0.23631086755794373 -2.0846491471624335 -0.9984911108905867 -0.22814043897522596 -0.2911796261129291 1.1967927688486752 0.963678467885436 1.0401437695044677 0.9141658206562956 0.7610289068622315
72 720 0.2183318864834869 0 46.674737701466114 -0.10131694965824162 -2.1099731301389997 -0.923305645186178 0.19707621612259815 -0.4389685001819068 1.0199149774032925 1.0265475243835698 0.8401672783122982 0.98404373074706 0.9768978910266016
73 730 0.20381196008190375 0 35.02427943624251 0.04551546010868551 -2.045402063828229 -1.2035565537171415 0.07889316292703878 0.12474045469972284 1.139481391308996 1.1091437556208092 0.9295661973650783 1.1178651854519799 1.1027218156530985
74 740 0.18171657680630027 0 44.091965806303264 0.2999959321384119 -1.9338528456092738 -1.2265565902095346 0.0025444605280544874 -0.07069301474686503 1.041835950750228 1.1641425318902752 0.9838948588869283 1.0239222873117804 0.8374363661029766
75 750 0.16293280024128598 0 34.373763088716345 0.17727825079942333 -2.065629459510666 -1.1712963855168 -5.2567404191503075e-05 -0.020989287697289957 1.0545355970019712 0.9204339517516598 0.7554775085997846 1.0573940389327916 1.0258187804293184
76 760 0.1484579256003298 0 31.4854786730031 -0.1268415049969225 -1.8885466009258356 -1.0601509279107717 0.11518331272096766 -0.20815430028986026 0.9721002641078744 0.9683534511909 0.9633360814612871 0.8786356843962083 0.873056556480708
77 770 0.1392885262972389 0 22.31193802052752 0.04032553403751717 -1.9292587477166754 -1.0669913548766257 -0.06956177733800678 -0.13797531929630646 1.0072309826901242 1.0216382819833476 0.8408743578693826 1.0186484963315172 0.9151839370394611
78 780 0.1323128090355574 0 23.57534335996671 0.044625444621506055 -1.9244183507175123 -1.0876983999629812 0.07871092321643613 0.0035655127405084114 1.1146899028360684 1.037389325932535 0.8195283174655228 1.0655969978079507 0.9863209180362821
79 790 0.1243265389007897 0 19.061712112036545 -0.024204170027166724 -1.9113073437278412 -1.0354552797367595 0.07302858172624636 -0.04943214867850014 1.0055506178108062 1.0777708157638526 0.8796154268331134 1.0784371935062895 1.0563822928528261
80 800 0.12632384943178493 0 20.29463852052315 -0.05260752669776814 -1.9314802797576227 -0.9032720020678308 0.016016954493074144 0.06643795633458305 1.0716192298500151 0.9365043991980435 0.8937265620019514 0.9522185716399832 1.1088860414525799
81 810 0.131924616059035 0 23.33030184325483 0.05496535148978726 -1.9817117497233694 -0.9579571574574687 -0.024099231896305418 0.033653501638444994 0.9815366234890894 0.9509273625177255 0.8587696017336204 0.7928743693323148 1.0781377361769788
82 820 0.13080396938830036 0 29.364553625337408 -0.03579107727456708 -1.9465760812825978 -0.7786016000642766 0.08886722536584005 -0.0797422892557014 1.0063216584335262 0.918093890717417 0.8281443903259617 0.9629669922748652 1.0930829081572504
83 830 0.12565782485940064 0 30.30071377563671 -0.09348598096830193 -2.0369896327998553 -0.9160726566158339 -0.11392413699937877 0.09304230385731528 1.0977719964499877 0.9700473344879692 0.8390407807241914 0.9194705329786288 1.1641192328477117
84 840 0.11426023911785695 0 16.839185162341252 0.1105993759161514 -1.947728509345868 -0.9585660086066708 -0.04761769994337078 0.003236244937597655 1.0036930659318468 0.9579249701322069 0.9535215239820632 0.8740781964509328 1.0214194027234798
85 850 0.11168666195686235 0 20.05120298202013 0.07561525025991073 -2.095670637897928 -1.0108445987400692 0.06205254029498134 -0.007712470524779942 1.0030542589114175 0.9857759215891572 0.8348692206684242 0.9163926508634844 0.965991717350047
86 860 0.10592864540627196 0 19.540513355009935 -0.023255809748926284 -2.048774754313868 -0.942004439387826 0.08905350690410893 0.07193294733194769 1.0053383833330172 1.0185000422468056 0.8634431006912263 1.0717643107890604 1.0737791947709
87 870 0.10261443774943736 0 15.477919722863746 -0.06488557513013193 -2.0682562278860614 -0.9801626539731461 0.028588999089283487 0.08726213588130644 0.9451854717040403 1.0071203023385817 0.917733521782113 0.9774503978255121 0.9732443917420353
88 880 0.09844602331611611 0 13.505336131501053 -0.10729714798033964 -1.959804641834874 -0.9523553806375257 0.01500053297417394 0.020013171622805755 1.013785344971034 1.0049937232665598 0.987667517344082 1.0498846016550354 0.998323323082199
89 890 0.09437247074067205 0 15.924830755132803 -0.053800599630702176 -1.983003561612949 -0.9375402431048534 0.0427714071263824 0.06595329811571737 0.9318239833936093 1.0288865250768713 0.9394348048185177 0.8947467010471583 1.0049112070556439
90 900 0.09344423748528236 0 13.63787161392267 0.06426899190290357 -2.0355963230004757 -1.0285339396494197 -0.0026278519501706094 0.08882433184086436 0.9923720621246801 1.0507096365776925 0.9960527859040159 0.992008096413478 0.9722998259058382
91 910 0.09195711987792214 0 13.903348410552795 -0.023495986141469184 -1.942420066893002 -1.0290583671337743 0.01972709845341223 0.013460737714382737 1.0287642548383207 1.079909447143437 1.049772529597482 0.9303885171224614 0.9837556030291909
92 920 0.09236870134128272 0 14.434497392369877 -0.054795148802416496 -1.9802915051693089 -0.9978562357540732 0.04015177709137971 0.09683820052965758 1.0079752600828848 0.9611949173679049 1.0555758770107189 0.9918258050605875 1.0575390418752415
93 930 0.08653037707683355 0 11.726696827738351 0.06676351159602836 -1.982577714670689 -1.0444919941694437 0.0011033551631989057 0.01914517917967768 0.97969915222603 1.0164508969476915 0.977252518328582 0.9984297113830182 1.0211360594607606
94 940 0.08382052278275964 0 13.32568164790483 -0.011859846225178165 -1.9950232596012036 -1.0260318974885372 0.04600118729665931 0.005543780415226886 0.9506329832425462 0.9738489178003004 0.9540827511949244 1.0922255240500476 0.9729677465279687
95 950 0.07858080385170367 0 12.776087664018917 0.019941962252307113 -2.0113984294660936 -1.0171110678599016 -0.09281798071210896 0.0030978638649600864 0.9840976667039953 0.9337250275110788 0.972439069765465 0.9837351449820447 0.9861281158011819
96 960 0.06902715732741647 0 11.988451788682056 -0.022814626819592593 -1.985459594256678 -1.050936206126432 0.06351921375294359 -0.002544101302995204 0.9996050891232107 1.0193995560284208 0.9650873315347884 0.9952429041492341 1.0286365530177164
97 970 0.06047029159825747 0 11.705280077780188 -0.0062961255218661905 -1.9902902171080719 -0.9577990712199211 0.002838403216420534 -0.017025483113705248 0.960173111460739 1.0594494427241532 0.993487597458173 0.9604097314534628 0.969731850155885
98 980 0.05562313728835763 0 11.428233165334305 -0.005453968524858794 -2.0026498421395287 -0.9447751868831445 0.022805502770227432 0.007168233223378593 0.9981848138899863 0.9804121429459622 1.0005898440544545 1.0263561343744627 0.9401230790653379
99 990 0.050047555921491335 0 11.36995001708496 -0.020997612864750194 -2.0121690068566824 -1.0329415776090758 0.011933637760583565 0.03455115102157069 1.0115138092828713 0.9527933757458303 1.0226001978327761 0.9875593544178907 0.9704090631353004
100 1000 0.044848095903745645 0 12.032152865345978 -0.06652622790546407 -1.9956567643204972 -1.002373153186647 0.038160967575208475 0.0034353363827739516 0.983902345686789 1.0064922411538815 1.0362105769729224 1.0303101007839763 0.95755916614257
101 1010 0.041627953686057616 0 11.291630428545531 -0.05030800910647623 -1.9870050897644687 -0.9730804803264308 0.026998463629186814 -0.006579675840840224 0.9659916118935588 1.0068833275590123 0.9805554300650356 0.9775477835228895 0.955911000707304
102 1020 0.03910681225190515 0 11.813971052211826 -0.0530449237474851 -1.9650871993815906 -1.0049842199511863 0.05840083608331346 -0.031191786782700535 1.0029905708218496 1.0108439273464076 1.0001799911972054 0.990987793201973 0.9602750511695853
103 1030 0.03694230417000853 0 10.776166708698668 -0.038241787875140605 -1.995357284882855 -1.0060817388503487 0.02842432411224382 -0.018318805726048985 0.9995831701987407 0.9946775058080137 0.9589530108239567 0.9904336942763874 0.9855972103030541
104 1040 0.03412974366995434 0 10.42478989370099 -0.026227464849003308 -2.002393533431833 -1.010646399876411 -0.004366876392673254 -0.013261889322737919 1.0157959372184078 0.9873875930540873 0.9822755380543263 0.9748220063717572 0.9874417644539352
105 1050 0.03160860102823647 0 10.322442284481212 0.014025267462600084 -2.0026515066189274 -0.9879921292288718 0.017369320125000552 0.005735576515425462 1.0209927876334441 0.9787780010937197 0.9924845040763752 0.9810344355374037 0.9948497062862335
106 1060 0.030641739644040128 0 10.32945782250954 -0.002111232820195224 -2.00581271418868 -0.9748351110256978 -0.0033849557560363328 0.013645241871640597 0.9965658923758323 0.9676022835939457 0.9815677798287522 0.9855804228811081 1.001459353769661
107 1070 0.030183216384257045 0 10.134987648762618 0.0030355307369115837 -2.0021021114850104 -0.9894568741108138 -0.016879563610283893 -0.0005477913688311633 0.9855665121102862 1.0044506785508662 0.9797502982016187 1.0020181067252227 0.9966568924203264
108 1080 0.028944712257054975 0 10.256420084115035 -0.002288481009626357 -1.9859045131994895 -0.9939724456256623 -0.0198310937194447 0.0060355626490246495 0.9826158255368695 0.9957011245228252 0.9832354265762947 0.9748768112812437 1.0150473672988303
109 1090 0.026894312781175638 0 10.21109322945398 0.017475494631437653 -1.990799420959511 -0.9986253683798234 -0.014468879315307555 -0.003607550322458627 0.9898897444900727 1.0135905995320753 0.9992007271761479 0.981936625453186 0.9802223483977623
110 1100 0.023967398627613087 0 10.215914989927228 -0.014134835305126492 -2.005013967836324 -0.9973073529206573 -0.014882705142909389 -0.015101992146848996 0.9949415075873934 0.9915670561731841 0.9979211778223365 0.9778378505537917 0.9828025913467605
111 1110 0.022061622637363075 0 10.188321327329646 0.01275122899144743 -1.9958405140611113 -0.9850819608675524 -0.010103235046016196 -0.016619240080066128 1.0146967811722298 0.9937092667381521 0.9879983575552185 1.0014692082806287 0.9879825448576574
112 1120 0.020839961827402456 0 10.157290677007296 -0.003910386509852598 -1.989074817955438 -1.0212898502696837 0.004586389618750009 0.008329001862089302 1.0029507596655611 1.0013709558262438 0.9951852011077986 1.0017147684727012 1.0048227676650399
113 1130 0.01786277515692893 0 10.01077153741818 0.000203077668827897 -1.9931782397112567 -1.0016134646126282 0.003644334949050312 -0.009063914990334732 0.9967863204707754 1.0011340862481217 0.9864477373087523 1.0005844900562806 0.9914109310506125
114 1140 0.015777296705749313 0 10.047527572128402 0.0026049719767861773 -1.9921137469400207 -0.9961516196763941 -0.004337028060428685 -0.0064728185468960605 0.9930119527723038 0.9944421517958152 0.9875836197283918 0.9910372497308864 0.9763258684792546
115 1150 0.014000412364076207 0 10.042779954596455 -0.011085134425754128 -1.9863932657969523 -0.9899320963260321 -0.0030154878056655723 -0.0020646968921896845 0.9961897700995238 0.9848118448986373 0.9909934186304725 0.9928860709693946 0.981844603787771
116 1160 0.012385431985784835 0 10.031686038626631 -0.0005831278883381237 -1.9917418246035203 -0.9969121378294651 -0.0016139415214020802 0.0032572133515367304 0.9946444148867645 0.9890514387567937 0.9824029700552941 1.0020587933390062 0.982683635452718
117 1170 0.01155961443869948 0 10.010987184898823 -0.0008262953159338014 -1.987371505458925 -0.9886822119335134 0.0031714677023753457 0.004641097061518248 0.9986200822443616 0.9936050030341359 0.9852485355930062 0.9862008453374063 0.9882136580462633
118 1180 0.010463163952136829 0 9.971427256974607 0.0046733433311435466 -1.9892667183156978 -0.9889409903099726 0.003786418001677297 0.0004925633013801891 0.9983776913727113 0.9942836115108923 0.9921844139725696 0.9914211364300861 0.9927788651499162
119 1190 0.010037212189006934 0 9.996207563847463 -0.00808915710819563 -1.9868749797160814 -1.002953509694921 0.0023859429913094983 0.0027152102256339152 0.9956790561624311 0.9949961888704434 0.9936870337358744 0.9947313165853439 0.9859404323454128
120 1200 0.009804541350480199 0 10.00529762579913 -0.001908801357566479 -1.9837714044299224 -1.0004666986495845 -0.0009930105367622882 -0.002967958074463606 0.991559579976106 0.9931414962131471 0.9826542286953256 0.9914319167277854 0.9903684688938776
121 1210 0.00932396855212093 0 9.983927090997426 -0.001520928232795313 -1.9853582618221493 -1.00050455138528 0.002943370924068721 -0.00431387734637031 0.9988812576104918 0.9903133138483127 0.9905015386674563 0.989145119127899 0.9937227180630405
122 1220 0.00934145929763705 0 9.996618786717178 -0.0006156770470160505 -1.9836532430033653 -0.9922216335641663 0.007986043086643226 -0.009715330442512164 0.9935773499985381 0.9932831483658947 0.991950144874218 0.991328495082295 0.9972176902798172
123 1230 0.009200665862143088 0 10.018770997730584 0.0020501384496566313 -1.9930923939163696 -0.9887498804846578 0.0026473562905102756 -0.004657707858969466 0.9989355077423511 0.9836833071740485 0.9893834457455881 0.9867749797376376 1.0001116757529178
124 1240 0.008607630450902242 0 9.997148980393789 0.004560898189408948 -1.9852272185149828 -0.9946670236143922 0.0033908729997468028 -0.00672257680532313 0.9969077264032661 0.9928946414673068 0.9888682569168563 0.9853216394113972 0.9933969865265806
125 1250 0.008041628176009067 0 10.002105550915616 0.0018279991328203832 -1.9856273869470857 -0.9911635334234223 0.0046598461816217225 -0.005844360425051859 0.9983334564146161 0.9891656661465799 0.9884620560435448 0.9857168930418322 0.9942835715174374
126 1260 0.007541095038259818 0 9.99312908845377 -0.004029288355821741 -1.9934184431104494 -0.9910556679649687 0.0045886582785990915 -0.005865838020230372 1.0038798350197375 0.9911561404370168 0.9912664490616077 0.9915008492496197 0.9957979858436967
127 1270 0.007336730450895868 0 9.979994952041324 -0.0015151048028717758 -1.990172764671156 -0.9945687893715761 0.0037107463987742593 -0.005230197719482886 0.9921536060093756 0.9881429727836261 0.9911847460931773 0.9908232748816641 0.9900513338055448
128 1280 0.007412546608516787 0 9.960457925990113 -0.001767914654387081 -1.98721434833348 -0.9941363818583865 0.0021562054230229314 -0.0011773796925047073 0.9948748484972806 0.9934644843287921 0.9993303342818192 0.9957061160927569 0.9909819046533087
129 1290 0.007258566920815984 0 9.967345410583974 0.0037050578456747827 -1.9890959257111012 -0.9930437516408562 0.0028955306164535318 -0.001131933801932931 0.9956027424140205 0.9953279568205337 0.9943484951463115 0.9963782561891894 0.9872820005152615
130 1300 0.006753866219787653 0 9.958599122146225 -0.002349675251379584 -1.9870523199147654 -0.9949384793503379 0.0017676123946245347 -0.0025101149880972424 0.9952336907416033 0.9909359674239291 0.9942469882240845 0.99430590223329 0.9926882483829744
131 1310 0.006762710056719792 0 9.966719534444849 -0.005270273392867886 -1.98863382080639 -0.9987440089369006 -0.0013759312439818464 -0.002136199023478914 0.9976744268376856 0.9928151213171671 0.9923962610145177 0.9956942241159474 0.9908202176959482
132 1320 0.006434150815817534 0 9.962772201924707 -0.0001895470402980123 -1.9916859940646674 -0.9947457398857537 -0.0009105368901042747 0.001858327930522684 0.9995237450602423 0.9959251173982241 0.9947598615938151 0.9932236774628914 0.9891121468038526
133 1330 0.00582186716011976 0 9.963201655475103 -0.0009397944355000848 -1.992495673127237 -0.9906051449013473 0.0011410020380665914 -0.0005519538452022502 0.9956345787203771 0.9915525542309321 0.9925260286450472 0.9903980373142891 0.9936169615372273
134 1340 0.005310579448201483 0 9.958103555388732 0.00015652760112723008 -1.9894109691123605 -0.993478197285981 -0.00124949801458851 0.0003976729223137399 0.9992672935057277 0.9941722821564717 0.9968683137218282 0.9916011870138516 0.9927984198083684
135 1350 0.005099688499069383 0 9.958412516979607 0.00012548438145779225 -1.9919095345412408 -0.9945776376148029 -0.0011137995018402702 0.0011487340579707577 0.9994414609688205 0.9934457290177691 0.9983441902637785 0.9939728563233167 0.9932312449673409
136 1360 0.0047569755251608194 0 9.952988777641025 0.00156010534823855 -1.9896816042181806 -0.992770842670294 -0.001868226517072314 0.000462180264414252 0.9963579094961273 0.9944229675526054 0.9965859932641068 0.9938595049249368 0.9946731775069394
137 1370 0.0043995261022480555 0 9.953354762604121 -0.001524678234563771 -1.9901727158876967 -0.993487208307509 -9.008888045109451e-05 -0.0001207272028113631 0.997635056136874 0.9964618596545468 0.9970688328408659 0.9951665199939799 0.9942470268570258
138 1380 0.00399830464980668 0 9.954988649224703 0.002965157139378772 -1.9909298325372524 -0.9934024068482784 0.0019114619166720377 -0.0014232703447219484 0.9959394740072289 0.9968042146532957 0.9932328256388719 0.9936016373548432 0.9953136493244087
139 1390 0.0035400032407191468 0 9.952433481310464 -0.001267364310880907 -1.9899409905448968 -0.9950743602989982 -0.0007321637460519948 -0.0009779069381327754 0.9973736468627474 0.9967163190692931 0.9956116675863097 0.9937215896877946 0.9955656741275551
140 1400 0.003241033855586776 0 9.95349038987986 -0.0009652470909284172 -1.990256513296945 -0.995887847940751 -0.0024757257390912854 -0.0013753943277760642 0.9974269414961258 0.9953521341512052 0.9957921323267486 0.9944431723412767 0.9933632831968244
141 1410 0.003165132937941208 0 9.952715236402781 -0.0013123565969439391 -1.9917127383024222 -0.9933115249473327 -0.00048494319464176695 -0.0002179084967843224 0.9955753915310989 0.9947551342100006 0.9934106376950038 0.9957851151673016 0.9928785790681509
142 1420 0.003082350813745237 0 9.953013133853332 -0.0016282290648650004 -1.9908689345141197 -0.9942447076156133 -0.0022192984967235483 0.0014518062506149929 0.9957507240347876 0.9970930876406099 0.9940859801683675 0.9947719060537469 0.9945196220960828
143 1430 0.003038526257341597 0 9.954572918280533 0.0010872221488028226 -1.9898821629581418 -0.9915066300980641 -0.0025576586714109663 0.000731316651825189 0.9957742239457772 0.9954760541487425 0.9961108069060668 0.9936397372931741 0.9939710992127377
144 1440 0.002984587678532064 0 9.952630505219645 -0.00022735138515375978 -1.9911040273840184 -0.9942385665097567 -0.0002249054072552114 0.002836159521344487 0.9968748812513593 0.9959492936272897 0.9948377224235343 0.9942507497545259 0.9946432260409717
145 1450 0.0027502667548218395 0 9.951645383042404 -0.0010137051427932232 -1.991634086029109 -0.9941065963692858 0.00037676451186811866 0.001202283719479445 0.996583067888224 0.996055597475369 0.9953657036741418 0.9946867050231232 0.9950094182297785
146 1460 0.002571612198004107 0 9.951792098208244 -0.0007771366130847653 -1.9905730727439563 -0.9950278541396618 -0.0003528337728879126 0.00155593259192923 0.9962284525308734 0.9967813815331885 0.9956947940902386 0.9951774897096782 0.9935405256587754
147 1470 0.002413741830805179 0 9.951313602908684 -0.0008736148785401321 -1.989862095141592 -0.9954532727096718 -0.0018659334895208511 -7.174404162418424e-05 0.9956488582088592 0.9961681023983456 0.9957307113653626 0.9939798276416489 0.9941089455455715
148 1480 0.00244741576680223 0 9.950672190422168 8.712975943936738e-05 -1.9899378433115766 -0.9952551481651649 -0.0019142024852802407 0.0007186336027400596 0.9946709213944198 0.9954407894682271 0.9956588718909537 0.9945912773421144 0.995469199078408
149 1490 0.0022200712850053085 0 9.950002277022321 0.00014223052033252538 -1.989573496432516 -0.9958361983935526 -0.000336210326436097 0.00027601029729755586 0.9954760737821816 0.9953948221108369 0.9956521808497671 0.9947038913590108 0.9950173979999063
150 1500 0.0020566154139171865 0 9.95000854925604 -0.0005061875774364685 -1.9900200329764088 -0.9957686601469975 0.00045990716080900854 -0.0005078729545542973 0.9953784024583677 0.9952862040740096 0.9950715880478915 0.9947469360126597 0.9955898084763046
151 1510 0.0018736793623524896 0 9.95003125653163 0.00026102527581555596 -1.9904588219910129 -0.9950085580481801 -0.0001671266732461353 8.597815620726176e-06 0.995599750784698 0.9949443752526286 0.9949908082260082 0.9938009550705699 0.9946449658883346
152 1520 0.001968890319140313 0 9.950641109698566 0.001591580027629318 -1.9909744050031328 -0.9953017360326727 0.0005181458819111937 -0.0003451739279767694 0.9941204966000877 0.9948394133919831 0.9946941086349855 0.9945989715609831 0.994467959778443
153 1530 0.002028979572503537 0 9.950414438124 0.0004471493927694066 -1.9900273262093648 -0.9951978183097268 0.000360524584886397 -0.0001561646252184112 0.9943183453483703 0.9942171830513674 0.9942469423219715 0.9934911383040217 0.9953271201440185
154 1540 0.0020409576720364516 0 9.950368302201028 0.0011156336528958463 -1.9893038250241497 -0.9950125951539729 0.0005741048211696277 0.0002829236890392623 0.9940540190993832 0.9942045372604854 0.9950449724909208 0.9946055793088243 0.9943254375190479
155 1550 0.001992728782278426 0 9.950680584491465 -0.0010395509597979653 -1.9903945433494172 -0.9959443008367299 0.001302497321556843 0.0005938613801783823 0.9942397424833603 0.9947865674798586 0.9949039224818929 0.9946962369485469 0.9942043750096853
156 1560 0.001811459474911445 0 9.950351409122646 0.0001482601326057588 -1.9896832713507708 -0.9963792679953669 0.0006400716245552824 0.00040711186209732906 0.994035719206569 0.9947094291811037 0.9954077303042846 0.9946975111929826 0.9950597279381829
157 1570 0.001614356856965154 0 9.950347191121224 0.0005327510401083679 -1.98944452604929 -0.9960371274617438 0.001041869070565015 1.199782865673088e-05 0.9941287111731067 0.9947298942351083 0.9945385600741066 0.9950131083913618 0.9945477576880662
158 1580 0.0015391689806332615 0 9.95010091230587 -0.0005875365624691102 -1.9898015101144302 -0.9953707804674305 -0.00015602517153822558 0.00032232476038609537 0.9946351691319503 0.9940523955398503 0.9949883276743265 0.9942610170253109 0.9942306685367047
159 1590 0.0014872802914619513 0 9.950153690879787 -0.0008573396002395485 -1.9897014164747295 -0.9953909755386758 -0.00029871431186943447 -0.0005606937928699569 0.9943443619991174 0.9945530958972062 0.9958167031648345 0.9951705400417209 0.9953730496858566
160 1600 0.0014159338316634856 0 9.949984988463896 0.0004908411418273959 -1.9901122943432425 -0.9957203074017333 0.00020076140376678356 0.00010247853623444586 0.994832394531745 0.9940865125631548 0.9944419010944106 0.9951020244750783 0.9951545876916332
161 1610 0.0012849601655276885 0 9.949855471972754 0.0005660938797395833 -1.9898277036277796 -0.994999008722946 3.1534678845114236e-06 -0.00030751576674440637 0.9946590805422659 0.994202972624031 0.9954568098137546 0.994951203953097 0.9951269570801186
162 1620 0.0012666659662617832 0 9.94998188149809 0.0005025457848318825 -1.9897690194294815 -0.9954456465186993 -0.00016899045890550986 -0.00032899569354977745 0.9943377538651959 0.9942348328472836 0.9951142391854061 0.9952465010698198 0.9955375634520192
163 1630 0.001182435261065088 0 9.949764912490068 0.0005682950099137912 -1.9899164404182026 -0.9951083164397757 -3.343759093264292e-05 -0.00035645253777384027 0.9949900263815525 0.9952666857220839 0.9948992410993794 0.9950451239479675 0.9955277903626241
164 1640 0.0010591625628338921 0 9.949823581781175 0.0004411738670816078 -1.990260124249222 -0.9953187292425919 0.00015625367858905398 0.0003568764077175927 0.9942729779782796 0.9949513037126279 0.9948551782362824 0.9953077383539404 0.9949840599209648
165 1650 0.0009889319433193401 0 9.949763296026788 0.0002208101174404578 -1.9905859067391316 -0.9951622693137031 -6.655979338836661e-05 -0.0001832529864366438 0.9948459255583321 0.9951463475922356 0.9951284894273539 0.9952098174852464 0.9953770943379404
166 1660 0.000958100577185085 0 9.949758282043746 0.0006669657565934175 -1.990000871694764 -0.9947586358247406 -0.00016169977397542296 0.0001311844702714702 0.9950523412577735 0.9951117850422123 0.9952192579944885 0.9949701297081396 0.9954429864392531
167 1670 0.0008723518287846971 0 9.949670054236947 0.00011388337431412175 -1.9903737957476644 -0.9947132109386436 9.052540312833818e-05 0.00010753010681959814 0.9948919717095429 0.9949358724744147 0.9951133038341318 0.9951749176489418 0.9951704658384528
168 1680 0.0008416120981042447 0 9.949733619411816 0.00023909226991638595 -1.990344103483522 -0.9946044997205675 -0.00014529070247318337 -0.00018769220694426616 0.9947263782916843 0.9949920704714932 0.9949475978948458 0.9944527635021584 0.9950611534389577
169 1690 0.0007633380696826921 0 9.94967306853141 0.0003128522990895518 -1.989968662738942 -0.9949669381590488 0.00019970004680268426 -0.00011587621182568731 0.9946552116207653 0.9951099946165655 0.9950372896350945 0.9947565708011739 0.9953121100329376
170 1700 0.0006746027966517705 0 9.949656896498894 0.0003180932988146267 -1.9900988946661873 -0.9950198108526959 1.0689142716313541e-05 -0.0002996759393105152 0.9948706097103208 0.9948677551565938 0.9948517557942773 0.994891182360579 0.9952719624270182
171 1710 0.0006442360686535417 0 9.9496603048146 0.00030234232647653286 -1.9901440946773876 -0.9950268266264348 -0.000128882910559166 0.00011533198412154102 0.994965991343091 0.9948119052792584 0.9948958668834971 0.9949418067055791 0.9953728241369761
172 1720 0.0005897680183682364 0 9.949651266036952 0.00028603699994756814 -1.9899311161007673 -0.9948779926961737 -5.738356529138598e-05 0.00013859137308733897 0.9947310507868863 0.9946861518779896 0.995103972356544 0.994720478373996 0.9948306484946104
173 1730 0.0005471174965145212 0 9.949622060680866 2.9987097945537947e-05 -1.990085474179591 -0.9948165744999654 2.1972002227815208e-05 3.364450370406562e-05 0.9947476529697296 0.9947581693480954 0.9950843873227485 0.9947891601555203 0.9950066874677129
174 1740 0.0004923426202491575 0 9.949608325982496 0.000198764214843147 -1.9899183374679998 -0.9949623778426752 9.559146825844493e-05 2.3043779981816042e-05 0.9948964770430164 0.9948971148663884 0.994787508854992 0.9949214985097787 0.9951241077722253
175 1750 0.00044644753089141914 0 9.9496005305692 4.798525537571998e-05 -1.9899487612445643 -0.9949223836821148 4.854118356743295e-05 0.00018446282760697225 0.9947765575471147 0.994939851206004 0.9949470298596512 0.9949723922444978 0.9949798946458225
176 1760 0.00039639464658850816 0 9.949593183087202 -1.5316699095265497e-05 -1.9899160743546989 -0.9949297899785005 -0.00011401670703169975 5.552714450798859e-05 0.9948592513930554 0.9948990183504509 0.9949965215477803 0.9948777726440486 0.9949589037138394
177 1770 0.0003657273174854571 0 9.949600807783995 5.8995602657967096e-05 -1.9899478995001092 -0.9949072583350238 8.738868976094636e-05 -7.920035654004825e-05 0.994792024015077 0.9950180161353352 0.9949108365677579 0.994877584619959 0.9950834652467762
178 1780 0.00033247441298226517 0 9.949598062943096 8.244956023049468e-05 -1.9900119770415294 -0.9949549547088977 1.612934513058631e-05 3.988139154967085e-05 0.994924788695033 0.9947645440997692 0.9948835066571404 0.994949231862006 0.9949647469431034
179 1790 0.000310708944762228 0 9.949603533633805 9.326545019153403e-05 -1.9899736659765555 -0.9947638817526282 -6.577829629497528e-05 -1.4932430648844742e-05 0.9949030950350158 0.9948636703626795 0.9950010523426985 0.9948520978685553 0.9948558194397548
180 1800 0.0002885644457616603 0 9.949593487974298 -6.394176355605926e-05 -1.9900196636618706 -0.9949063280584474 -1.3088594177675253e-05 4.753412505043388e-05 0.994995645730619 0.9948575760159202 0.9948889202756199 0.9949538228129402 0.9949050924354103
181 1810 0.00027333630685376814 0 9.949595941224942 2.841521439892297e-05 -1.990042854664192 -0.9949288981084765 -7.102956562816056e-05 -9.304252611463617e-05 0.9949366474404848 0.9949475117997365 0.9948269393647473 0.9949150968924635 0.9949443781514822
182 1820 0.00025370177204334815 0 9.949590659516119 9.073362967671188e-05 -1.9898806693552051 -0.9949690505653926 -6.51017310096488e-05 5.452831698013933e-05 0.9949751402177971 0.9949245541170607 0.9948708700427228 0.9949693031866893 0.9949654683055411
183 1830 0.0002487668213292918 0 9.949591525266328 2.0542183525652745e-06 -1.989924515012026 -0.9949622053959881 -5.3545109423160816e-05 -6.970411418713781e-05 0.9949100241660808 0.9949725623294701 0.99482629645275 0.9950058345594885 0.9949634082714851
184 1840 0.00022591662139793397 0 9.949589474228077 7.097091880266578e-05 -1.9898454247185773 -0.9949291836081483 -1.533101755712299e-05 1.5004305775016304e-05 0.9949267843375553 0.994917872350095 0.9949456143899397 0.9949374701618933 0.9948827621561884
185 1850 0.00021879108151549886 0 9.949591277638646 -6.10554297832967e-05 -1.9898977289114919 -0.9949248280047813 4.625482869848087e-05 -2.811848079044205e-05 0.9948425080625031 0.9949766940861723 0.9949144797145405 0.9950160269127722 0.9950022264702247
186 1860 0.0002103182342558422 0 9.949588418065616 -5.383900634046619e-05 -1.9899112359666962 -0.9948793205584197 -2.3154877142438183e-05 5.602584012586628e-05 0.9949241528537115 0.994965925278945 0.994962190250692 0.9949483849052192 0.9949407559593437
187 1870 0.00019232727170281533 0 9.949589119121129 3.259793941235495e-05 -1.9898993485190355 -0.9948903855095506 -2.4323104210392063e-05 2.7382142936598904e-05 0.9949011260356325 0.9950184084338648 0.9949033647579484 0.99497426317063 0.9949846313547444
188 1880 0.00017415144370666206 0 9.949588031039411 1.9162082045728973e-05 -1.9899111956492626 -0.9949737001406561 2.7889281201438372e-05 2.761780214389548e-05 0.9949539044371374 0.9949367105275644 0.9948952818415564 0.995029016410975 0.9949901043700219
189 1890 0.0001562052473002576 0 9.949586738349524 -3.48659639340108e-05 -1.9899270278787542 -0.9949484808576915 1.82771847647917e-05 3.141133666914497e-05 0.9949680003421644 0.9949518418060413 0.994955435121579 0.9950127481172615 0.9949707483980176
190 1900 0.00014314410948489386 0 9.949586738049547 -1.8620664560344635e-05 -1.9899051351249102 -0.9949469799051912 -3.432422535425897e-05 4.908272465571307e-06 0.9949962929979577 0.9949965149815903 0.9949643056671004 0.9949804465466406 0.9949899457191455
191 1910 0.00013563952205344955 0 9.949586128710436 1.094817644603769e-05 -1.989941424800523 -0.9949788566526355 2.908535437443714e-05 2.5809094234410507e-05 0.9949533327156184 0.9949565889027295 0.9949623422874806 0.9949610247597211 0.9949663484927199
192 1920 0.00012815072163223902 0 9.949586809210402 -1.1605487783710172e-06 -1.9898986606918911 -0.9949897697380327 1.7417492882086022e-05 3.744081210993445e-05 0.9949757497987912 0.9949794841307185 0.9949612987070501 0.9950010873820752 0.9949264134440811
193 1930 0.00011581742285117009 0 9.949586822452645 -1.950051522241173e-05 -1.989890649475374 -0.9949747855482768 -2.8359817109819542e-05 3.820349122368825e-05 0.9949194314379555 0.9949831362327376 0.9949685486087859 0.9949863843511426 0.9949474365265971
194 1940 0.00010468137862840827 0 9.94958684570365 1.6413561677629876e-05 -1.9898703647503264 -0.9949321620677154 -3.167583302635035e-05 -1.1809100094693305e-05 0.994912322339349 0.9949620544236587 0.9949571728257054 0.99498047117249 0.9949695723971677
195 1950 9.508678488660881e-05 0 9.949586998039678 -1.0555452811397746e-05 -1.9898639467586132 -0.9949479359646346 -1.976539968230416e-05 5.331853852488905e-06 0.9949089793952798 0.9949212936390152 0.9949682918122434 0.994978737967374 0.9949511195626565
196 1960 8.917266221018035e-05 0 9.94958658783267 5.2980786566521245e-06 -1.9898903947270938 -0.9949406420950283 -1.7627301006474438e-05 2.0844571279316515e-05 0.9949256290031524 0.9949611263283478 0.9950055288856204 0.9949794473727895 0.9949544364206632
197 1970 7.638496694175033e-05 0 9.949586097705449 9.444412730829734e-06 -1.9898850289780126 -0.9949667950712195 -9.711000222599364e-07 3.17057299015386e-05 0.9949381644759739 0.9949517567045942 0.9949802544273628 0.9949598212702918 0.9949553810626902
198 1980 6.998437719519127e-05 0 9.949585997106993 -3.003651659641181e-06 -1.9899031631161943 -0.9949320588789239 -2.0092067981530873e-05 1.5969527117652962e-05 0.9949568257393823 0.9949432525745887 0.9949627939015981 0.994983651209258 0.9949580502628705
199 1990 6.437067076818963e-05 0 9.94958600884722 1.700590838042266e-06 -1.9898945908559051 -0.9949350276268893 1.6387746004555385e-05 1.2076862557604212e-05 0.9949465792184471 0.9949575642014428 0.9949679382979755 0.9949880083516912 0.9949628446293123
200 2000 6.587083254584865e-05 0 9.949585853319505 1.076575481493223e-05 -1.9898955954129771 -0.9949533006600787 2.583549287646717e-06 -9.22440859157827e-06 0.9949568149121448 0.994931305696544 0.9949537112949163 0.9949552515917462 0.9949764153985293
201 2010 6.810136605661317e-05 0 9.949585905469235 -8.912327452131681e-06 -1.989909461988914 -0.9949366098539459 -1.4703490374895204e-05 1.388672703997264e-06 0.9949287118415031 0.9949540178295242 0.9949518010607351 0.9949696027143725 0.9949568091589839
202 2020 6.552441099262256e-05 0 9.949586080241573 1.0920975491729302e-06 -1.9899005679268478 -0.9949498092284362 3.822492997306195e-06 1.197566439860622e-05 0.9949244717141085 0.9949264748063791 0.9949633736818512 0.9949613894812879 0.9949710594981686
203 2030 5.576110732607005e-05 0 9.949585927605597 4.149637890717665e-06 -1.989899951202514 -0.9949445246330529 -1.8725135199152056e-05 3.678999028172937e-06 0.9949464851272174 0.9949340654115711 0.9949621150773252 0.9949808716987725 0.9949589952985988
204 2040 4.95859072664097e-05 0 9.949585854394428 1.5552650254901986e-05 -1.9899151350341515 -0.9949615152422204 4.92176369685399e-06 2.147737561333672e-05 0.9949471600582933 0.9949689359041405 0.9949461167669148 0.9949784750937114 0.9949680030003645
205 2050 4.355735832951241e-05 0 9.949585741153953 1.0592414777951632e-05 -1.9899082566203425 -0.9949429119754089 -9.808587425686529e-07 1.2779623438406054e-05 0.9949609735471058 0.9949418730313376 0.9949663921926721 0.9949662717792779 0.9949688613941652
206 2060 3.999433528055997e-05 0 9.949585735690789 1.7698428177736287e-05 -1.9899018181656243 -0.994942120409555 -2.8916397639736304e-06 2.988917282283702e-06 0.9949593473025224 0.9949628982839086 0.994966676296373 0.9949665987405693 0.9949714092591799
207 2070 3.720255252930008e-05 0 9.94958571955361 2.206693213018606e-06 -1.9899132432598854 -0.9949459410014712 -9.118967956496174e-06 -3.267379906887007e-06 0.9949532166123308 0.9949636548122383 0.9949551828618676 0.9949757834709285 0.994976491946485
208 2080 3.618375930044226e-05 0 9.949585659946365 1.0414357636640962e-05 -1.989914148780712 -0.9949600307167528 -6.277356219778549e-06 3.2267968311342644e-07 0.9949555655400444 0.9949649532151289 0.9949508505234927 0.9949728106619677 0.994971871654413
209 2090 3.9624418563205714e-05 0 9.949585776372146 8.934689765411734e-06 -1.9899192072823046 -0.994957027855237 -9.816580627404345e-06 -2.0994076967038363e-05 0.9949596562744376 0.9949565557599283 0.9949553549418502 0.9949540731815407 0.9949814713061896
210 2100 3.85410184797934e-05 0 9.949585725848138 1.323096306944618e-05 -1.989910521115005 -0.9949509254564074 -1.2286158520423698e-05 -7.818061356280403e-06 0.9949538068928543 0.9949604398389599 0.994951652686574 0.9949482286121697 0.9949770364196946
211 2110 3.795894111745141e-05 0 9.949585622156974 -8.922898556534413e-06 -1.9899071888932423 -0.9949502555573423 4.085435830000831e-06 1.9498116256103674e-06 0.9949471325815616 0.9949518738662574 0.9949573447393558 0.9949548283038036 0.9949663134508498
212 2120 3.882722748610801e-05 0 9.949585649721868 -2.301415376133072e-06 -1.9899018640940995 -0.9949588321278301 1.6788101795159286e-05 4.312972667736165e-06 0.9949535403660011 0.9949502907376475 0.994951826608419 0.9949599946770025 0.9949641943954004
213 2130 3.882782223519079e-05 0 9.949585633059826 -5.38411572228962e-06 -1.9899136607370471 -0.9949534039023306 3.540269672514796e-06 1.7716393747800374e-05 0.9949689817702664 0.994957921843577 0.9949619081972466 0.9949584338790136 0.9949595234988371
214 2140 3.599567168046531e-05 0 9.949585600918866 5.5299467878391375e-08 -1.9899138329796775 -0.9949502445211481 1.221762315270226e-05 -6.241088965606327e-06 0.9949577578319039 0.9949628720670034 0.9949533093862036 0.9949637221806766 0.9949614088154745
215 2150 3.3690278403609266e-05 0 9.949585615913605 -1.5799037538086283e-06 -1.9899104327802428 -0.9949473142297025 8.651655342302124e-06 -6.037080747196494e-06 0.9949677585279469 0.9949638557693816 0.9949642110868336 0.9949623713945157 0.9949545351301577
216 2160 3.166231736947056e-05 0 9.949585579745957 -2.8368768910235895e-06 -1.9899114183614182 -0.9949600665845327 5.531068630201831e-06 1.4539214909522687e-06 0.9949622012813573 0.9949478797711494 0.9949660742574621 0.9949558393089929 0.994958288405671
217 2170 2.8936214785608263e-05 0 9.94958557052874 -2.6633930418716166e-06 -1.9899082465014182 -0.9949511983684936 -5.851864903049159e-06 -2.718056921693172e-07 0.9949597736872207 0.9949576021570665 0.9949654982094669 0.9949550068544165 0.9949623013368541
218 2180 2.7242472748888357e-05 0 9.949585566891614 -6.476986579161236e-06 -1.9899088846663784 -0.9949561686067202 -8.345771717712202e-07 -4.68783465024733e-06 0.9949634893989846 0.9949555268965943 0.9949657816313264 0.9949568783118126 0.9949596590508655
219 2190 2.495733104856172e-05 0 9.949585569522995 1.1136217094530365e-06 -1.989906990828869 -0.9949613313261392 -5.584038961625301e-07 4.560823979795143e-06 0.9949583587618233 0.9949596891529561 0.9949652434551263 0.9949597491068085 0.9949676093112523
220 2200 2.171421754133334e-05 0 9.94958556844091 -6.405216530030142e-06 -1.9899135800630419 -0.9949564800804727 -2.6062619557658348e-06 2.26907622559225e-06 0.9949586853904624 0.9949637714561199 0.99496757004655 0.9949620283876365 0.9949576113810475
221 2210 1.9971471651598256e-05 0 9.949585554616945 -1.0550794695987227e-06 -1.9899084357776584 -0.9949610983984184 -1.8539587753500105e-07 8.109703994030852e-07 0.9949617409637215 0.9949662112931352 0.9949589305276543 0.99496064920258 0.9949547576756773
222 2220 1.7833504793671104e-05 0 9.94958555505194 -1.6139649107954492e-06 -1.9899109698463173 -0.9949572239764277 3.0504951850807075e-06 2.588692552348181e-06 0.9949591589045994 0.9949558943966624 0.9949658457874172 0.9949553827079314 0.9949543866268334
223 2230 1.7332156388400693e-05 0 9.949585550531125 -1.1837163510428356e-06 -1.9899142772621032 -0.9949601447465094 -3.1490358326480523e-07 1.3638796728127414e-06 0.9949565640792287 0.9949597848667372 0.9949633349317042 0.994955546077282 0.994952250581421
224 2240 1.5859759848632865e-05 0 9.949585552365036 1.4657749138525573e-06 -1.989913170055832 -0.9949536657151233 -3.1361018930242047e-06 -2.2958174621621265e-06 0.9949598286880708 0.9949574961723683 0.9949640127816657 0.9949577313324361 0.9949633057383023
225 2250 1.4747215841081405e-05 0 9.949585539537935 4.7206751933847555e-08 -1.989914116906015 -0.9949593751752677 -3.2103881814320554e-06 -3.6237771409579752e-06 0.9949597278160127 0.9949604052036936 0.9949591276178836 0.9949590265661563 0.9949590321553304
226 2260 1.3282101796321209e-05 0 9.949585540997802 -2.5521410906839396e-06 -1.9899104032991088 -0.9949599202820308 -4.3589767689357896e-07 -2.7050763631317747e-06 0.9949566560094972 0.9949557805162599 0.9949605047310894 0.9949606760664903 0.9949576329190478
227 2270 1.2224126095346731e-05 0 9.9495855433712 -2.8263388590728025e-06 -1.9899151330069744 -0.9949601011695313 -2.8614141957848973e-07 -1.1451866375292209e-06 0.9949594611034508 0.9949568417019022 0.9949609469163756 0.9949548482968955 0.9949557720911761
228 2280 1.0540332930409349e-05 0 9.949585538853228 -3.164681661726072e-06 -1.989913511264036 -0.9949573078457782 -1.305117010146785e-06 -2.8041711026607333e-06 0.9949573904054415 0.994958523604082 0.9949604066559085 0.9949579890146106 0.9949577235850752
229 2290 9.633188333924772e-06 0 9.949585539278445 -1.5152625476118338e-06 -1.9899161244719161 -0.9949602484771117 -7.255748523535068e-07 -2.3664945862506063e-06 0.9949585934833789 0.9949578911848347 0.994960248035655 0.9949576640075999 0.9949577152280923
230 2300 9.366429044948303e-06 0 9.949585536368417 -7.45980557545976e-07 -1.9899146372172645 -0.9949593939014126 -1.096905171604689e-06 1.007495717292685e-06 0.9949598999541852 0.9949579058214012 0.9949585840112519 0.9949579010022993 0.9949564877003707
231 2310 9.190449359697306e-06 0 9.949585537398022 9.487489306420287e-07 -1.989912991544074 -0.9949564439836818 -3.3751601710203736e-06 8.829431988317272e-07 0.9949586635690325 0.9949590308771296 0.9949598574425664 0.994957874878258 0.9949576801942988
232 2320 8.571077668426832e-06 0 9.949585536817139 -1.8564189126579859e-07 -1.9899130798883153 -0.9949583452344692 -2.4936388059360233e-07 -1.0574195864196865e-06 0.9949621029436124 0.9949593316660669 0.9949568511582051 0.9949593566603523 0.9949579582291183
233 2330 7.850529783211957e-06 0 9.949585535368556 2.0998978983712022e-06 -1.9899126681024173 -0.9949602085929268 -8.171939549253842e-07 2.2635646041389502e-07 0.9949602372415061 0.9949588095050617 0.9949586618169252 0.9949591859537505 0.99495780476803
234 2340 7.160818088175654e-06 0 9.949585535246158 9.692268055632018e-07 -1.9899129583722421 -0.9949585366778616 -1.9325743520915285e-07 -1.8306066001764667e-07 0.9949590188063999 0.9949577163835225 0.9949602663724741 0.9949570196808889 0.9949569219880409
235 2350 6.480898363806927e-06 0 9.949585533824944 -3.383833410860626e-07 -1.989912248824239 -0.9949588882407666 -3.440870434739424e-07 -6.561182221866251e-07 0.9949584450681679 0.9949589782577171 0.9949585587362554 0.9949599099042925 0.9949575976980867
236 2360 5.960125515172106e-06 0 9.949585534871403 -1.6519887976596067e-06 -1.98991209549967 -0.994957889383018 -1.1815922161960462e-06 -1.0721615554310632e-06 0.9949592750355656 0.9949595529377486 0.994959667578839 0.994959000650734 0.9949593930463083
237 2370 5.847762597175225e-06 0 9.94958553453695 -1.3578038995932297e-06 -1.989913639307224 -0.9949579863901457 -5.518906532221478e-07 -4.385094360717158e-08 0.9949588785739387 0.9949589368392535 0.9949597033711981 0.9949597916063125 0.9949587553934283
238 2380 5.390814213109695e-06 0 9.949585534375032 -4.6874064510537006e-07 -1.9899127099240375 -0.9949578022052749 -1.5288810617933082e-07 1.9858875882117025e-07 0.9949591858240086 0.9949600563242851 0.9949593582476188 0.9949600454916782 0.9949592196935964
239 2390 4.768037145971841e-06 0 9.949585534539139 -1.207151658631337e-07 -1.9899135915432349 -0.9949586869671575 -1.7186063740757244e-07 -1.082347397838636e-06 0.9949601313682622 0.9949580636347591 0.9949596245810237 0.9949593083135827 0.9949582584798461
240 2400 4.24737677977849e-06 0 9.94958553393883 -5.752196079734702e-07 -1.98991180052483 -0.9949580179688328 -2.6675106697369855e-08 -1.508931050098295e-06 0.9949591206997074 0.994958565269319 0.9949582999291695 0.9949593966288568 0.9949588626901762
241 2410 3.976225684823297e-06 0 9.949585533582734 -2.574184699292329e-07 -1.989912343416503 -0.994958328660193 -2.560621607103889e-07 9.74011814845623e-08 0.9949587851288393 0.9949593590708763 0.9949582260808513 0.994959709770455 0.9949591423490145
242 2420 3.5002004016125734e-06 0 9.94958553330747 -1.7786483592024968e-07 -1.989912144805949 -0.9949590152219673 4.887102835571069e-07 -4.99413533017121e-08 0.9949588194618215 0.994958920131695 0.9949585178324227 0.994959193186968 0.9949589798873745
243 2430 3.1654247321302357e-06 0 9.949585533421953 1.534631443660865e-08 -1.9899131783621817 -0.9949582948189485 1.3915493077697423e-08 -1.194450844784341e-07 0.9949585417039354 0.9949589404659823 0.9949592820771528 0.9949587523376047 0.994958601927548
244 2440 2.864082821674389e-06 0 9.949585533363944 -1.0150635475609636e-07 -1.9899123137465253 -0.994958104403892 -2.8868158931031116e-07 -2.9553664385586174e-07 0.9949584518413168 0.9949587387568142 0.9949594956304261 0.9949585769530496 0.9949587081117203
245 2450 2.6012031738949417e-06 0 9.949585533337924 -2.613433907631835e-07 -1.9899125687607075 -0.9949587847712957 9.068017224090716e-08 1.6131344303730365e-07 0.9949581624375327 0.9949591978443587 0.994958069008802 0.9949587301592939 0.9949584886032582
246 2460 2.421660014247482e-06 0 9.94958553333683 -1.240987838750791e-07 -1.9899126112096908 -0.9949589399416993 -1.880044931417267e-07 -2.481114894484784e-08 0.9949583461928843 0.994958096037624 0.994958452849676 0.9949581567534547 0.9949590800991407
247 2470 2.2807206050982903e-06 0 9.949585533214858 7.570694370332143e-08 -1.9899126293351115 -0.9949587447183005 6.932302471263383e-08 2.9346132229627816e-07 0.9949582186716209 0.994958734405652 0.9949584054709206 0.9949585666048235 0.994958602994172
248 2480 2.0247959049551695e-06 0 9.949585533209657 2.7641424112064e-07 -1.9899126266473168 -0.9949587118397024 3.4072606499849214e-08 -5.320826611861984e-08 0.9949589167013871 0.9949582389463487 0.9949587167515086 0.9949586325209724 0.994958632588478
249 2490 1.948913018067865e-06 0 9.949585533224152 4.6207951705171614e-07 -1.989912018107184 -0.9949589430417866 1.9647628576693666e-07 -1.557020163306627e-08 0.9949586222727295 0.994958358895049 0.9949585330977002 0.9949588985638291 0.9949587227290018
250 2500 1.8117406406676828e-06 0 9.949585533215739 2.342638433422885e-07 -1.9899120104186456 -0.9949585899642601 -2.3087993688111172e-08 -2.429041164746899e-07 0.9949583043246154 0.9949585878953859 0.9949583831253268 0.9949584104856298 0.9949589803312592
251 2510 1.700777628190949e-06 0 9.94958553321078 -1.3300967991979527e-07 -1.989912137855143 -0.99495850562213 4.253917285386803e-07 -3.012112507821725e-07 0.9949587320944806 0.9949584388315776 0.9949589056326059 0.994958573708501 0.9949588575887633
252 2520 1.5440218710851404e-06 0 9.949585533195858 2.4492812942502896e-07 -1.9899122638566975 -0.9949583968145096 4.264389360392807e-07 -2.3274097610598838e-07 0.9949587364150907 0.9949585175339755 0.9949586921426492 0.9949586101125444 0.9949588129400956
253 2530 1.4037089651798865e-06 0 9.949585533197194 3.3741686013727556e-07 -1.98991218520571 -0.9949585477528465 3.6380074766917765e-07 -1.550741708479139e-07 0.9949585903520028 0.9949584846646848 0.9949588270970882 0.9949589105634914 0.9949586968613878
254 2540 1.3080768198846004e-06 0 9.94958553319313 2.6565080479305387e-07 -1.989912207412925 -0.9949585621644381 3.5721713798293675e-07 -1.7082092108707895e-07 0.9949585380560271 0.9949586006592274 0.9949590101746366 0.9949586310077452 0.994958511263367
255 2550 1.2865342529975846e-06 0 9.949585533186479 -6.3149582426086e-08 -1.9899125304505616 -0.994958733038593 1.3388370948516712e-08 -3.685921639311808e-07 0.9949586267346843 0.9949585804738798 0.9949589915425308 0.994958618274279 0.994958621846741
256 2560 1.1966633211874773e-06 0 9.949585533175792 -1.691733912086211e-07 -1.9899122346110196 -0.9949586840751451 4.772905619765146e-08 -4.425570020536499e-07 0.9949585839761497 0.9949585662483383 0.9949588819838665 0.9949586515280127 0.9949585127629469
257 2570 1.1246430391846339e-06 0 9.94958553315172 1.530481058252049e-08 -1.9899123338284657 -0.9949585950711957 3.4373951660869705e-08 -2.1627703097186258e-07 0.9949586955684536 0.9949584404291906 0.9949586902587252 0.9949588923844864 0.9949584922806165
258 2580 1.0501875877118167e-06 0 9.949585533122885 -9.113449396140603e-08 -1.989912377120294 -0.9949586580315866 -2.233356728237816e-08 5.264583375213978e-08 0.9949585866173533 0.9949585782170585 0.9949586178457843 0.9949587185189767 0.9949586406854424
259 2590 1.0106388324148972e-06 0 9.949585533135945 -5.676437452350385e-08 -1.9899121436711138 -0.9949589171982584 7.318901574239336e-08 3.094911826447393e-08 0.9949586674282984 0.9949585235395035 0.9949586570634489 0.9949586641155269 0.9949586108151574
260 2600 9.509523546037677e-07 0 9.949585533134325 6.371848560423127e-09 -1.9899122825089415 -0.9949588824234895 -4.2529290204583884e-08 -1.1403387119512744e-07 0.9949587861554551 0.9949586025259345 0.9949586200118923 0.9949586457329028 0.9949586876147786
261 2610 9.006710445655945e-07 0 9.949585533139881 -1.2928563606398308e-07 -1.9899122179129887 -0.9949585930956566 -1.3979876224465985e-08 -2.2662541708871252e-07 0.9949586464470236 0.9949586300892348 0.9949586172846586 0.9949587474244467 0.9949588569508422
262 2620 8.328522694962132e-07 0 9.94958553314531 -1.4028680730047424e-08 -1.9899123507462815 -0.9949586077641966 1.4764742905616873e-09 -3.0272249662409314e-07 0.9949586436611096 0.994958505685389 0.9949585549076321 0.9949587253173436 0.9949587800944639
263 2630 7.919174817519566e-07 0 9.949585533131682 4.439089301910047e-08 -1.9899123258181832 -0.9949587160777704 -6.11544933368769e-08 5.804154378152998e-08 0.9949586492890625 0.9949586930956974 0.9949586670237425 0.994958826981897 0.9949588001775227
264 2640 6.980451362631431e-07 0 9.949585533127845 5.147682790233889e-08 -1.9899123195730906 -0.9949586282002201 9.472408191585138e-08 -1.6145214625544498e-07 0.9949586226287765 0.9949585550904768 0.994958649393857 0.9949586756098261 0.9949585079702772
265 2650 6.334724614883332e-07 0 9.949585533122743 -4.621547895818328e-08 -1.989912313443915 -0.9949587220743006 -5.022732244135313e-08 -6.32149636318244e-08 0.9949586675826749 0.9949585910018627 0.9949586764457476 0.9949587607968604 0.9949585823845396
266 2660 5.811192521796618e-07 0 9.94958553312128 9.903347648997374e-08 -1.9899122685403712 -0.9949586889685703 -2.4339440069346225e-08 1.7683236147732515e-08 0.9949586418337169 0.9949585749850303 0.9949587685187308 0.994958680783609 0.9949586321673695
267 2670 5.346227292560161e-07 0 9.949585533124903 1.609430506843077e-08 -1.9899122355124856 -0.9949587044716648 -3.0875168786953454e-08 -1.0821253096224049e-07 0.994958722448681 0.9949586409043871 0.9949588128059418 0.9949586213065491 0.9949586225944765
268 2680 4.699365645960732e-07 0 9.949585533122573 1.798246669535757e-08 -1.9899123306052517 -0.9949586742402874 1.816840749664239e-08 -2.1914175670401233e-08 0.9949587191784677 0.9949585694473879 0.9949587751169677 0.9949586207933047 0.994958596831756
269 2690 4.3136619997513933e-07 0 9.949585533122075 4.613400455548857e-08 -1.9899122904506379 -0.9949587252112094 -2.822334480117921e-08 6.539446772333196e-08 0.9949586146948189 0.9949586132400384 0.9949587691293942 0.9949586997253077 0.994958603520471
270 2700 4.168574497470484e-07 0 9.949585533120313 7.953121112762097e-08 -1.989912226119836 -0.994958750223213 1.0602536736942722e-08 -2.294279612806554e-08 0.9949586532122332 0.9949585769985586 0.9949586412601663 0.9949587138487976 0.9949586934812067
271 2710 3.774877737203526e-07 0 9.949585533117855 2.5583855494681263e-08 -1.9899122621090788 -0.9949587057256816 -2.7572610722329752e-08 -1.94938096081176e-08 0.9949585841695787 0.9949585956431752 0.9949587107211028 0.9949586877639143 0.9949586626553482
272 2720 3.5052125838496494e-07 0 9.949585533117272 1.4064172383898267e-08 -1.9899122362342467 -0.9949587037976 1.1820796746170274e-08 -1.6483281483115786e-08 0.9949585524497847 0.9949585852526622 0.9949586801982424 0.9949586156725024 0.994958642132201
273 2730 3.380716387918574e-07 0 9.949585533116533 -5.668750942745097e-09 -1.989912277737665 -0.9949586757199719 1.5353506224164587e-08 6.810753942905005e-10 0.9949586469513797 0.9949585645421166 0.9949586719317729 0.9949585805297384 0.9949586478602868
274 2740 3.2718649665820945e-07 0 9.949585533116306 -2.2775177292778815e-08 -1.9899122400525078 -0.9949586315520463 9.492537050756385e-09 -5.1181403649864105e-08 0.9949585726885385 0.9949585824991796 0.9949586198441137 0.9949586668086378 0.9949586102156396
275 2750 2.935146276587639e-07 0 9.949585533114288 2.0291757944484574e-08 -1.9899122441914152 -0.9949586377529313 1.4797964713599135e-08 -1.0707525827326683e-08 0.994958625141069 0.9949586336091041 0.9949586719556456 0.9949586335076196 0.9949586393726904
276 2760 2.6197643295625207e-07 0 9.949585533115481 -8.545354868212e-09 -1.9899122638335258 -0.9949586339795397 3.433568249291538e-08 -2.662150512866757e-08 0.9949585945912954 0.99495859372741 0.99495865100293 0.9949586111230542 0.9949586109356389
277 2770 2.489110152999661e-07 0 9.949585533114984 1.9120495213259455e-08 -1.989912219852032 -0.9949585871754019 2.9256069843744937e-08 -1.5960229920219382e-08 0.9949586312022817 0.9949586151511515 0.9949586506394412 0.9949586511343255 0.9949586638670544
278 2780 2.217891073191618e-07 0 9.949585533115126 -1.4093419617967636e-08 -1.989912226396902 -0.9949586194779322 5.795807539917791e-08 -1.7124656619233963e-08 0.9949586222092867 0.994958610468565 0.9949586068123225 0.9949586402532793 0.9949586551861486
279 2790 2.1058653935706285e-07 0 9.94958553311423 -9.712752793142662e-09 -1.9899122324668623 -0.9949586347051773 2.3998910114974472e-08 2.8809345025899473e-09 0.9949586371760404 0.9949586114168405 0.9949586280909234 0.9949586505795904 0.9949586550956926
280 2800 1.9792576914756408e-07 0 9.949585533114487 -1.3660479147279351e-08 -1.9899122276152623 -0.9949586478710164 5.537525951871321e-09 5.1304474367225995e-09 0.9949585948781396 0.9949586359079627 0.9949586431897209 0.9949586703302459 0.9949586430230276
281 2810 1.792320731048912e-07 0 9.949585533114316 8.631195757853605e-10 -1.9899122133601879 -0.9949586518290517 3.218793819272661e-08 -1.3755222669644628e-08 0.9949586440827587 0.9949586203990703 0.9949586326175652 0.9949586253895021 0.9949586334624538
282 2820 1.6281774984952387e-07 0 9.949585533114004 1.4464722867960881e-08 -1.9899122415060486 -0.9949586378527621 8.389228345876709e-10 -1.446142007822542e-09 0.994958628335214 0.9949586413684474 0.9949586211989628 0.9949586312559916 0.9949586505593851
283 2830 1.4535530774933772e-07 0 9.949585533114032 -2.359556978535744e-09 -1.9899122345988667 -0.9949586510099037 3.666323346895982e-09 -1.5024459644529727e-09 0.9949586545500586 0.9949586385583709 0.9949586479308961 0.9949586481846686 0.9949586201258084
284 2840 1.350434437145049e-07 0 9.949585533114117 -1.8266085344647923e-08 -1.9899122346195055 -0.9949586368604001 -4.041749525271526e-09 -1.376294490608871e-09 0.9949586414898738 0.9949586143111677 0.9949586598585535 0.9949586319612509 0.9949586306008606
285 2850 1.280392997808722e-07 0 9.949585533114146 -1.516142728758594e-08 -1.9899122170400174 -0.9949586531350281 -2.1142046591210086e-09 8.445466960698115e-09 0.9949586293035283 0.994958616599175 0.9949586467952172 0.994958639167164 0.9949586275728813
286 2860 1.1379061715860508e-07 0 9.949585533114046 -1.1773273800386818e-08 -1.9899122238638711 -0.9949586413237418 -4.092511589449698e-09 -4.5795964677638094e-09 0.9949586593592584 0.9949586238082867 0.9949586352443603 0.9949586275251882 0.9949586339587347
287 2870 1.0577625144456709e-07 0 9.949585533114103 -1.1566836877601318e-08 -1.9899122209014963 -0.9949586380250675 2.2217556825937962e-09 1.816675676084331e-08 0.9949586456851274 0.9949586297047305 0.9949586554621407 0.994958636721024 0.9949586536311396
288 2880 9.447467671973422e-08 0 9.949585533114004 -2.0178202473453323e-08 -1.9899122227221073 -0.9949586427650539 2.8660806806418006e-09 3.4638596576323115e-09 0.9949586328784261 0.9949586282948633 0.9949586363861634 0.9949586318993883 0.9949586516928811
289 2890 8.790684836346578e-08 0 9.949585533113932 9.548322138664856e-10 -1.9899122257857762 -0.9949586458561926 -7.561453100333883e-09 6.670163312734751e-09 0.994958644753367 0.9949586367024511 0.9949586331677088 0.9949586298469817 0.9949586486521899
290 2900 7.861824565536366e-08 0 9.94958553311389 -8.480865274686225e-09 -1.9899122272913823 -0.9949586376397322 -6.37381084362118e-09 -3.251087368179462e-09 0.9949586377185652 0.9949586381890828 0.994958640220346 0.9949586343470281 0.994958646340353
291 2910 7.148166662798811e-08 0 9.949585533113918 -1.781427923033138e-09 -1.9899122282579012 -0.9949586324220424 1.7791685401403137e-09 7.928253957242073e-09 0.9949586365035229 0.9949586316556874 0.994958641099532 0.9949586234193302 0.9949586439973099
292 2920 6.700389590227793e-08 0 9.949585533113904 -5.55671510171942e-09 -1.9899122397804385 -0.9949586348044052 -7.976345610532903e-09 4.62463422672218e-09 0.9949586337716375 0.9949586303656979 0.994958647173556 0.994958632490624 0.9949586391419608
293 2930 6.407778794966955e-08 0 9.949585533113876 2.393084692359058e-09 -1.989912235216238 -0.9949586310868588 6.908061320329799e-10 -7.76319184699154e-09 0.9949586370623428 0.9949586354763854 0.9949586411594784 0.9949586394782863 0.994958639606603
294 2940 6.541557078889299e-08 0 9.949585533113904 9.206775643494544e-09 -1.9899122316804512 -0.9949586332955451 -8.000089678870099e-10 1.9268533639517453e-09 0.9949586341330026 0.9949586376741978 0.99495864425308 0.9949586382764979 0.9949586265254563
295 2950 6.006304748289383e-08 0 9.949585533113904 -3.3446492604469034e-09 -1.9899122326392742 -0.994958639821448 6.688282638649486e-11 -6.778968400077746e-09 0.9949586377635808 0.9949586311981568 0.9949586386345262 0.9949586210908776 0.9949586308113549
296 2960 5.947243878739104e-08 0 9.949585533113904 3.4035468101895397e-09 -1.9899122294091531 -0.9949586336773724 7.754477370593103e-09 -5.608950019820879e-09 0.9949586358128074 0.9949586480340026 0.9949586422611085 0.994958628947129 0.9949586326184159
297 2970 5.3544427214178316e-08 0 9.94958553311389 7.063227794952296e-09 -1.9899122286804178 -0.9949586379993586 8.863194617722104e-09 -1.0691639347286193e-09 0.9949586382797275 0.9949586374977302 0.9949586397735296 0.9949586380994322 0.9949586392585933
298 2980 4.872206649208375e-08 0 9.94958553311389 1.7086554745376627e-09 -1.9899122382305248 -0.9949586342415451 9.142240596386935e-09 -6.925513958113804e-09 0.9949586370986613 0.9949586364428606 0.9949586403337317 0.994958630411549 0.9949586339094869
299 2990 4.660153706159606e-08 0 9.949585533113876 5.7392213778833795e-09 -1.989912228276937 -0.9949586380795623 2.5307749606775342e-09 9.168103312349429e-10 0.9949586398022416 0.9949586326566398 0.994958638152815 0.9949586359915343 0.9949586462217611
300 3000 4.61948221695513e-08 0 9.949585533113876 -2.356173036896921e-11 -1.989912238230345 -0.9949586431022119 2.7692281454205604e-09 2.449418921428257e-09 0.9949586445329334 0.9949586355926852 0.9949586388816165 0.9949586290459932 0.994958643586319
301 3010 4.455586522359004e-08 0 9.949585533113861 2.9061457084990085e-09 -1.9899122382265013 -0.9949586392291357 -5.674331141548769e-10 8.212737203739731e-10 0.9949586379083122 0.9949586344979632 0.9949586336682638 0.9949586304566175 0.994958642221542
302 3020 4.341704962232217e-08 0 9.949585533113861 -9.848479890961144e-10 -1.9899122388393764 -0.9949586366773825 -6.444869068346087e-10 3.74581180164209e-09 0.9949586433376335 0.9949586409375298 0.9949586359061425 0.9949586366619668 0.9949586455346646
303 3030 4.0771152752762485e-08 0 9.949585533113861 -3.278212234729199e-09 -1.9899122404549747 -0.9949586381022881 5.982826385305683e-09 4.267822799811737e-09 0.9949586347366124 0.9949586357150982 0.9949586376911899 0.9949586337118056 0.9949586427018677
304 3040 3.926354081545973e-08 0 9.949585533113861 3.5376732407065936e-09 -1.9899122347786011 -0.9949586444871982 3.2814547791485746e-09 1.9110024561326944e-09 0.9949586345832764 0.9949586381284474 0.9949586412401792 0.9949586359116784 0.994958643283787
305 3050 3.7215278575250914e-08 0 9.949585533113861 3.4259007336635102e-09 -1.989912236614927 -0.9949586396727129 1.7619523611203118e-09 -2.995271518898594e-09 0.9949586457397919 0.9949586346051115 0.9949586367715807 0.9949586332147753 0.9949586420413365
306 3060 3.485038271203425e-08 0 9.949585533113861 6.742783595605445e-09 -1.989912236460554 -0.9949586423095046 3.402410692891471e-10 6.126957524418622e-10 0.9949586398379153 0.9949586367956602 0.9949586400760206 0.9949586309911836 0.9949586409643967
307 3070 3.1243124936279585e-08 0 9.949585533113861 5.5408322722163045e-09 -1.9899122358467312 -0.9949586432647302 1.5809461552428808e-09 -1.0498838263516814e-09 0.9949586422824582 0.9949586391963096 0.9949586407882357 0.9949586308195681 0.9949586401964537
307 3070 3.1243124936279585e-08 0 9.949585533113861 5.5408322722163045e-09 -1.9899122358467312 -0.9949586432647302 1.5809461552428808e-09 -1.0498838263516814e-09 0.9949586422824582 0.9949586391963096 0.9949586407882357 0.9949586308195681 0.9949586401964537
